Exporters	Imported value in 2013	Imported value in 2014	Imported value in 2015	Imported value in 2016	Imported value in 2017	Imported value in 2018	Imported value in 2019	Imported value in 2020	Imported value in 2021	Imported value in 2022	
"World"	15720199	16807073	14429096	14520525	15953100	18071690	17499910	18868183	24198274	27871193	
"United States of America"	3365827	3298922	2910190	2798241	3262737	3819662	3386434	3832075	4493651	5270567	
"Japan"	2964944	3003282	2662416	2872093	3256628	3527969	3461341	3850604	4837377	4612037	
"Germany"	1252584	1314906	1180610	1225553	1412438	1531870	1450228	1493962	1963673	3397545	
"Indonesia"	804382	1529590	659905	760600	873354	1352001	1189035	980491	1932994	3319423	
"Korea, Republic of"	1637098	1582559	1568440	1519221	1410280	1482232	1538774	1908733	2497869	2202190	
"Taipei, Chinese"	1596175	1594631	1435952	1303250	1265995	1324059	1139298	1144711	1374407	1288567	
"Singapore"	811746	907500	850857	877792	821671	910920	969893	1028342	1247380	1195193	
"Malaysia"	532056	565514	476424	531236	599369	608026	595242	539648	770696	954928	
"France"	369337	357414	295782	355250	396359	495489	441996	503973	591568	710071	
"Italy"	278418	275295	288444	289734	312947	335170	418772	505220	497086	677013	
"United Kingdom"	306680	327267	352927	289580	291868	319591	385817	436009	507683	510970	
"Thailand"	148503	179526	130324	112182	161360	154725	178442	270054	391458	464224	
"Viet Nam"	51702	78728	64466	63374	97596	112685	164009	187400	351228	431586	
"Sweden"	63701	86771	73625	72204	89745	103259	113510	140067	198062	254162	
"India"	135175	144284	123404	125135	141996	131139	139531	124407	177284	238171	
"Belgium"	115852	144938	144619	96494	129093	316562	328171	333743	520450	222515	
"Ireland"	32470	33568	34159	32682	21721	24599	28965	31770	51918	219509	
"Spain"	89883	93818	78775	87343	129053	147320	141597	94498	107562	200923	
"Netherlands"	155535	161370	119734	128434	143209	167226	140293	127852	154696	145879	
"Switzerland"	68449	79193	87855	96579	92138	104705	99129	99561	123002	134319	
"China"	263133	276967	213071	178402	195814	211026	188783	142435	180559	132481	
"Philippines"	38900	38719	34507	39091	43259	45828	43036	45169	80388	132149	
"Finland"	67980	62195	56728	63450	62575	58223	57266	56781	56905	113898	
"Canada"	57883	133841	107844	134398	127846	98356	104230	172734	156350	110259	
"Hong Kong, China"	57430	81788	61243	51944	48528	61768	78192	85045	88080	87790	
"Norway"	42302	30712	22891	26861	27308	29947	30094	53906	71462	85479	
"Denmark"	60375	49376	60803	43370	59852	60605	84922	71667	77362	80212	
"South Africa"	98560	111150	83070	88093	118983	77900	89864	73652	86965	76534	
"Poland"	11142	12173	10134	11925	13211	20965	26881	29733	34500	57444	
"Australia"	28345	23815	26144	31468	61964	26692	32158	39076	34028	47870	
"Russian Federation"	11851	17594	18265	14838	35556	88325	100358	81653	71091	43103	
"Austria"	30055	29418	23495	24641	35445	49065	38004	37223	39638	38467	
"Macedonia, North"	298	566	0	0	109	1012	7693	24505	39943	32068	
"Mexico"	20098	26655	17709	17199	20019	22779	27800	30379	38741	32063	
"Sri Lanka"	4108	6468	5997	9106	12036	17878	22599	20182	25419	31606	
"Bangladesh"	2078	1568	1155	2076	4964	6999	8005	9613	19120	27757	
"Brazil"	19826	15285	23139	27905	34017	45933	33519	46663	45043	25678	
"Saudi Arabia"	12201	9804	12481	11314	16037	25333	20635	18714	29683	23560	
"Israel"	12019	13462	13368	22862	23840	18975	22524	21600	23411	22076	
"Czech Republic"	3803	3520	7226	5444	4640	3739	7107	5934	8210	20656	
"Zambia"	0	1758	0	0	2	0	0	4347	11662	19576	
"Hungary"	2970	2392	3601	3208	6457	9133	10498	7376	12814	17710	
"Pakistan"	473	868	554	88	726	2680	2520	4661	6766	15096	
"United Arab Emirates"	1602	910	1410	530	825	597	2197	6647	15335	13927	
"Portugal"	844	2307	722	1453	4320	5816	7632	4526	5562	10642	
"Romania"	1083	1297	3295	3051	3795	4230	4348	4537	8971	8131	
"Argentina"	4232	4273	3161	5513	7398	4652	8284	10851	14619	7938	
"Lithuania"	1793	1219	3565	5617	10388	26595	38402	39442	49182	7845	
"Chile"	2341	4840	1767	1422	3879	4877	6344	5270	5077	7709	
"Egypt"	384	229	55	135	124	643	1799	1154	3681	7199	
"Costa Rica"	0	3	2	30	91	89	123	53	1851	7144	
"Türkiye"	23113	9924	5665	5800	12315	9303	8402	6264	8163	6236	
"Myanmar"	2582	4820	361	251	0	12092	10743	21		6051	
"New Zealand"	3863	3463	5129	4055	5606	4666	9681	11036	6475	5533	
"Colombia"	9304	10913	14502	10390	13207	6835	10128	10098	10397	5034	
"Algeria"	54	0	0	11	54	38	95	228	1527	4872	
"Qatar"	8439	7038	4258	2087	1846	2820	3224	2753	3200	4207	
"Bulgaria"	1397	1682	2673	2470	4441	3628	6026	7579	8840	3505	
"Lao People's Democratic Republic"	56	0	8	322	378	3063	2492	254	2130	3273	
"Greece"	2483	4142	970	946	778	1723	1984	1415	2660	3083	
"Iran, Islamic Republic of"	557	625	22	618	1035	1534	3172	4285	1010	2979	
"Uganda"	0	0	0	0	0	0	0	1		2898	
"Nigeria"	1120	1466	76	162	465	468	1167	760	1281	2591	
"Luxembourg"	819	1577	1055	2318	1913	3166	3123	2592	2076	2490	
"Cambodia"	22	63	1801	966	1153	233	607	4178	526	2434	
"Papua New Guinea"	0	318	790	0	309	1550	965	1084	1747	2368	
"Slovenia"	50	63	1210	1307	1563	1878	952	575	692	1918	
"Ukraine"	3988	11127	922	1053	1055	974	889	3182	2835	1547	
"Morocco"	2122	1099	3081	972	47	312	1747	789	454	1119	
"Estonia"	14	205	788	1069	760	783	364	834	1059	1036	
"Georgia"	2	0	0	13	0	101	1563	2047	2172	1022	
"Peru"	1395	217	569	319	803	741	1384	11059	767	1021	
"Bosnia and Herzegovina"	0	0	1	0	338	311	328	102	608	950	
"Ghana"	118	83	32	9	233	100	342	0	148	910	
"Paraguay"	0	0	0	0	0	0	9	0	180	903	
"Croatia"	440	0	1	5	1	8	45	70	32	834	
"Bolivia, Plurinational State of"	109	136	32	23	0	132	175	207	291	814	
"Latvia"	266	606	664	173	135	102	49	131	216	784	
"Côte d'Ivoire"	894	588	0	11	104	0	2	0		668	
"Kazakhstan"	0	7	0	0	2	4726	0	45		666	
"Iraq"	7	0	0	0	22	190	48	522	1263	629	
"Belarus"	21	21	42	55	32	240	233	369	52	609	
"Korea, Democratic People's Republic of"	3520	4733	3433	4098	2227	922	2601	1512		515	
"Slovakia"	6560	5484	3871	6438	5269	3840	3838	2107	881	505	
"Uruguay"	422	415	677	630	447	691	395	206	436	415	
"Sierra Leone"	14	0	0	0	0	0	0	38	19	355	
"Area Nes"	234	496	55	33	10	103	162	441	661	336	
"Gabon"	3	1	0	0	0	0	0	0	182	278	
"Serbia"	292	92	41	36	29	162	345	294	108	235	
"Lebanon"	0	1	0	0	0	0	0	83	74	205	
"Azerbaijan"	2366	5322	4109	1069	392	239	0	115	38	191	
"Iceland"	215	466	4	1	5	118	95	75	169	166	
"Oman"	32	279	3288	1618	235	106	132	106	109	166	
"Brunei Darussalam"	0	0	0	0	0	0	0	98	56	144	
"Jordan"	244	1	172	261	155	94	63	1458	124	133	
"Sao Tome and Principe"	0	0	0	0	0	0	0	0		127	
"Kenya"	0	1	0	0	1	68	4	0	0	92	
"Mozambique"	148	0	0	0	0	0	0	0		79	
"Senegal"	0	32	0	0	4	0	0	25	285	70	
"Guatemala"	0	37	46	0	34	55	48	71	22	54	
"Dominican Republic"	115	96	29	28	46	46	68	68	43	52	
"Tanzania, United Republic of"	229	124	103	0	59	23	74	10		38	
"Timor-Leste"	0	0	0	0	0	13	13	51		32	
"Tunisia"	0	1	95	98	0	0	0	0	0	27	
"Ecuador"	0	0	3	321	503	0	0	69	313	22	
"Namibia"	1	0	0	81	0	3	0	20		19	
"Cyprus"	3	0	0	169	194	189	171	69	48	18	
"Venezuela, Bolivarian Republic of"	662	515	329	26	112	134	67	10	26	16	
"Uzbekistan"	0	0	12	0	0	0	0	31		13	
"Armenia"	0	0	0	0	0	0	0	6		11	
"Barbados"	0	0	0	0	0	0	0	0		11	
"Kyrgyzstan"	0	0	0	0	0	0	0	57		5	
"Nepal"	0	0	0	0	0	98	1	0		5	
"Mongolia"	1	11	0	0	0	0	2	1	8	4	
"Cuba"	1130	810	62	6	20	71	42	0	0	3	
"Oceania Nes"	0	0	0	0	0	272	1	1		1	
"Bahrain"	337	110	120	257	0	115	137	2	106	1	
"Eritrea"	0	0	0	0	0	0	0	0		1	
"Honduras"	0	117	0	0	0	38	87	0		1	
"Macao, China"	0	13	0	2	34	0	1	19	5	1	
"Malta"	2	2	1	2	0	7	10	4	6	1	
"Kiribati"	0	0	0	0	0	0	0	0		0	
"Eswatini"	0	0	0	0	0	0	1	0	2	0	
"British Virgin Islands"	0	0	0	0	0	0	0	0	0		
"Chad"	1	0	0	0	0	0	0	0			
"Africa not elsewhere specified"	0	0	14	0	0	0	0	0			
"Turkmenistan"	0	0	0	0	0	0	0	0			
"Afghanistan"	0	0	0	0	0	0	0	0			
"Albania"	904	0	1479	44	72	92	1	0	82		
"Andorra"	0	0	0	0	17	0	0	0			
"Botswana"	0	0	0	0	0	0	0	0			
"Belize"	0	0	0	0	0	0	0	0			
"Burundi"	0	0	0	0	0	0	10	0			
"Cameroon"	0	0	0	1	0	8	0	0			
"Cabo Verde"	0	0	0	0	0	0	7	0			
"Central African Republic"	0	0	0	0	0	0	0	0			
"Congo"	0	0	0	0	1	0	0	0			
"Congo, Democratic Republic of the"	161	0	0	0	7	7	0	0			
"Benin"	0	0	0	0	0	7	22	0			
"Dominica"	0	0	0	0	0	0	0	0	11		
"El Salvador"	19	1	0	0	0	0	0	0			
"Greenland"	0	15	0	0	0	13	0	0			
"Guinea"	1	0	0	0	0	0	3	2			
"Guyana"	0	0	0	0	0	0	21	0			
"Jamaica"	0	0	0	1	0	3	0	0			
"Kuwait"	653	3391	10157	7440	1037	2490	5159	0	1132		
"Madagascar"	0	0	0	0	0	0	9	3			
"Mali"	0	0	0	0	0	0	0	0	0		
"Mauritius"	0	0	0	1	0	0	18	0			
"Moldova, Republic of"	11	0	0	14	0	0	0	0			
"Montenegro"	0	0	0	0	0	0	0	0			
"Aruba"	0	0	0	0	0	0	0	0			
"Vanuatu"	0	0	0	0	0	0	0	0			
"Nicaragua"	46	30	18	0	0	0	0	0			
"Niger"	6	0	0	2	0	0	0	0			
"Panama"	0	0	0	0	0	0	11	0			
"Zimbabwe"	0	0	0	0	0	0	58	0			
"Sudan"	0	46	0	0	0	0	0	1	0		
"Tajikistan"	0	0	0	0	0	1	0	0			
"Togo"	0	0	15	0	0	0	0	0	59		
"Burkina Faso"	0	0	0	31	24	0	0	0			
"Samoa"	0	0	0	0	1	1	1	3	1		
"Yemen"	0	0	0	0	0	69	0	0			
