Exporters	Imported value in 2013	Imported value in 2014	Imported value in 2015	Imported value in 2016	Imported value in 2017	Imported value in 2018	Imported value in 2019	Imported value in 2020	Imported value in 2021	Imported value in 2022	
"World"	1668257	1708444	1564993	1380733	1577372	1693601	1586909	1668714	1973797	2237344	
"China"	140884	134443	143720	115197	153304	200247	183111	209846	263117	355406	
"United States of America"	279886	282218	316848	253966	273195	321681	291740	339879	327820	346167	
"Germany"	191475	198914	172554	162303	189792	199754	171150	174658	217871	191532	
"Belgium"	142088	125698	115441	99776	106482	120769	98039	101578	96513	186348	
"Eswatini"	196022	186309	164650	125995	137747	128869	133377	114894	151325	149037	
"France"	135188	134373	118956	95263	121193	107262	96600	83324	101924	125644	
"Spain"	70714	84037	71543	76548	96579	75707	118599	114417	124337	125628	
"India"	32707	37205	33009	35965	39556	57218	53265	55938	72281	85525	
"Italy"	44223	36585	31892	32545	42355	46601	45929	43430	55234	62308	
"Saudi Arabia"	26443	36705	22238	18195	20041	28044	24805	21174	40076	61508	
"Czech Republic"	328	745	195	162	153	205	464	189	402	60024	
"United Kingdom"	57159	50879	56165	55161	63994	70625	69624	58430	55797	53524	
"Japan"	37628	38455	27487	47119	48939	43140	31048	51999	88828	50160	
"Poland"	1556	1235	4229	6467	8973	7201	13973	15222	30203	34376	
"Sweden"	16480	23412	34029	22312	13461	14510	14315	14327	43015	33925	
"Malaysia"	26818	27919	24886	26709	34700	35306	28056	28039	30600	33580	
"Singapore"	14646	12453	11923	18697	22983	23398	18199	18513	26705	32072	
"Indonesia"	36332	37248	24691	21402	18367	16772	16654	24057	25053	31050	
"Netherlands"	37740	66573	32351	30198	31899	34241	34484	32406	37168	28278	
"Korea, Republic of"	11660	9894	10003	11040	9046	9659	10177	30242	33570	27843	
"Israel"	15702	16437	16941	12049	18295	16689	16626	14344	15593	18309	
"Denmark"	18076	15180	12056	11333	16256	13064	13089	9508	11010	17892	
"Brazil"	12175	10630	10079	8332	10892	9449	9597	10498	10077	13356	
"Canada"	7870	7437	11021	8755	8052	8019	8940	10769	8170	11932	
"Thailand"	5804	4208	3996	5179	6761	8923	10732	9344	7445	9843	
"Austria"	7632	7034	7176	7193	7874	7775	6102	4665	5852	8401	
"Switzerland"	21040	28379	12785	10883	15333	9410	8436	8056	6720	8130	
"Argentina"	9366	4482	5448	2847	4329	5923	8078	5647	6645	7631	
"Mexico"	1060	1960	1355	1496	1766	1328	1653	4275	7090	7189	
"United Arab Emirates"	1724	2037	1343	1658	2275	4063	3328	7046	9354	6684	
"Taipei, Chinese"	3121	3522	4026	3562	4133	4594	6757	4690	6290	5408	
"Türkiye"	2199	4909	4679	2710	3152	6230	5299	7203	8551	4754	
"Sri Lanka"	979	3124	1701	1589	1548	1399	1038	1371	3153	4627	
"Australia"	8598	7438	4731	3310	4046	7377	2398	3713	4243	4020	
"Ireland"	4289	5211	4961	2483	3042	2431	2531	2895	3238	3376	
"Viet Nam"	613	2634	1553	4826	4077	3659	6118	3784	3466	2910	
"Hungary"	2653	2082	1990	1527	2342	2453	2002	2686	5811	2599	
"Iraq"	0	0	0	0	0	0	582	505	298	2399	
"Finland"	1660	1864	1238	1034	1017	1228	986	1983	2010	2080	
"Bahrain"	519	1231	649	732	607	1207	2266	1554	1725	1861	
"Egypt"	3022	1211	2123	910	376	222	579	918	2734	1852	
"Philippines"	3195	3295	3012	2059	1009	1984	793	1806	2478	1844	
"Russian Federation"	590	1466	3141	1812	2404	2522	1982	1971	2622	1773	
"Area Nes"	186	1030	553	220	255	245	912	1670	721	1767	
"Portugal"	720	725	929	536	309	543	522	675	1530	1642	
"Norway"	1787	1621	1574	1956	1836	1263	916	877	777	1179	
"Mozambique"	1014	207	117	58	148	9	649	447	516	890	
"Zimbabwe"	343	307	149	47	39	142	2	173	131	674	
"Luxembourg"	1142	881	1281	1277	1647	1759	908	809	904	643	
"Lithuania"	438	238	401	432	194	316	446	2907	3255	642	
"Zambia"	38	126	18	609	433	281	174	178	234	572	
"Hong Kong, China"	2088	1622	1657	984	809	1153	874	1396	1586	569	
"Nigeria"	4	3	5	26	11	1	21	2	131	415	
"Ukraine"	90	284	208	311	239	282	215	127	221	361	
"Oman"	13	82	20	42	171	72	30	42	83	357	
"New Zealand"	1364	1657	1257	909	754	924	1032	668	760	354	
"Pakistan"	873	293	255	270	336	292	494	517	36	350	
"Kenya"	50	47	36	390	21	109	8	9	135	339	
"Ghana"	689	83	12	5	0	41	3	6	30	321	
"Slovakia"	146	98	96	60	111	49	169	183	225	311	
"Estonia"	489	573	548	268	422	345	308	308	345	304	
"Kuwait"	1	1192	1137	324	0	357	110	785		294	
"Romania"	117	69	30	46	130	164	185	195	179	271	
"Macedonia, North"	0	0	12	0	0	0	69	4	1401	270	
"Greece"	111	141	97	14	245	211	144	170	231	219	
"Slovenia"	49	185	89	8	21	59	125	71	209	184	
"Chile"	1617	1081	1021	1080	2436	953	1619	1184	228	169	
"Mauritius"	293	59	78	114	255	295	323	410	159	155	
"Tanzania, United Republic of"	60	10	6	0	25	2	2	0	68	155	
"Tunisia"	4	8	7	314	13	635	505	0	357	153	
"South Africa"	1166	608	152	135	174	1413	1155	1043	987	152	
"Colombia"	122	215	29	43	110	110	178	0	268	149	
"Serbia"	7	0	2	0	0	0	1	0	54	134	
"Costa Rica"	20	55	4	4	4	25	25	3	196	124	
"Iceland"	22	0	22	13	27	17	1	0	1	82	
"Croatia"	1	2	150	108	31	60	103	137	139	61	
"Namibia"	245	357	81	271	142	159	119	102	30	51	
"Bulgaria"	1	0	21	1	5	11	17	15	19	48	
"Botswana"	56	114	188	27	89	23	11	61	29	38	
"Jordan"	105	96	77	34	73	28	39	16	106	24	
"Côte d'Ivoire"	0	0	1	0	0	61	0	1	0	20	
"Tokelau"	0	0	0	28	59	54	28	26	57	19	
"Malta"	0	0	0	0	0	0	10	28	23	17	
"Qatar"	20285	32135	18846	17164	12366	17970	432	646	345	17	
"Angola"	0	1	1	3	1	1	1	15	0	14	
"Macao, China"	1	0	2	1	0	0	0	0		13	
"Latvia"	116	324	598	514	676	859	102	480	50	5	
"Gabon"	0	1	0	1	0	0	0	0	0	2	
"Guinea"	0	0	0	26	0	0	0	0	0	2	
"Iran, Islamic Republic of"	43	73	43	42	0	48	0	3	0	2	
"Turkmenistan"	0	0	0	0	0	0	0	0		1	
"Congo, Democratic Republic of the"	0	11	0	0	1	1	10	3	1	1	
"Uganda"	0	90	9	1	0	0	8	1	3	1	
"Burkina Faso"	0	1	0	0	1	0	0	0	0	1	
"Saint Helena"	0	0	0	0	0	0	0	0	0	0	
"Algeria"	0	0	0	0	0	0	0	0	0	0	
"Bangladesh"	0	0	0	0	0	0	0	0	0	0	
"Cameroon"	0	0	0	1	0	0	0	0	137	0	
"Congo"	0	1	1	0	7	1	0	0		0	
"Cyprus"	1	107	2	2	321	10	1	0	102	0	
"Ecuador"	4	1	7	24	1	0	1	4	3	0	
"Eritrea"	1	0	0	0	0	0	0	0		0	
"Djibouti"	0	0	0	0	0	0	0	0		0	
"Lesotho"	3	10	11	6	1	18	78	80	13	0	
"Madagascar"	0	0	3	0	0	0	0	0	0	0	
"Malawi"	1	18	0	2	0	143	95	7	3	0	
"Mali"	0	0	0	0	1	1	0	3	1	0	
"Mauritania"	0	0	0	0	0	0	0	0		0	
"Morocco"	0	0	0	132	0	16	0	44	0	0	
"Panama"	0	0	0	0	0	0	5	13		0	
"Papua New Guinea"	0	0	15	0	0	0	0	0		0	
"Rwanda"	1	0	0	0	0	12	0	0	0	0	
"Senegal"	0	0	0	83	0	0	0	0	0	0	
"Seychelles"	0	5	2	7	1	707	0	0	47	0	
"Sierra Leone"	0	0	0	36	0	0	12	1		0	
"Togo"	0	0	0	1	0	0	0	0	0	0	
"Uruguay"	32	36	0	36	0	17	0	130	202	0	
"British Indian Ocean Territory"	0	5	0	0	0	0	0	0			
"Chad"	0	0	0	0	0	0	0	0			
"Christmas Island"	0	0	0	1	0	0	0	0			
"Equatorial Guinea"	0	0	0	0	0	0	0	0	0		
"French Southern and Antarctic Territories"	0	0	0	0	0	0	0	0			
"Korea, Democratic People's Republic of"	1	110	0	0	0	0	0	0			
"Nauru"	0	0	0	0	0	0	0	6			
"Niue"	16	0	5	1	10	8	9	5			
"Somalia"	0	0	0	0	0	0	0	0	0		
"Special categories"	2	321	0	0	0	0	0	0			
"United States Minor Outlying Islands"	0	0	0	3	0	1	16	2			
"Andorra"	0	0	0	0	0	0	0	0	16		
"Antigua and Barbuda"	12	0	1	0	0	89	42	0			
"Bahamas"	1	0	0	0	0	0	0	0			
"Armenia"	0	0	3	7	0	0	0	0			
"Bermuda"	0	0	0	0	0	0	0	0	0		
"Bolivia, Plurinational State of"	0	0	0	0	0	0	0	0			
"Belize"	0	1	0	0	0	0	0	0			
"Solomon Islands"	0	0	8	0	0	0	0	0			
"Brunei Darussalam"	0	0	0	0	0	1	0	0			
"Myanmar"	0	0	0	0	0	0	0	0			
"Burundi"	0	0	0	0	0	0	1	0			
"Belarus"	22	0	0	0	0	0	0	0			
"Cambodia"	0	1	0	0	0	0	70	140	50		
"Cabo Verde"	0	0	0	0	0	1	0	0			
"Central African Republic"	0	0	0	0	0	0	0	0			
"Comoros"	0	0	0	0	0	0	7	0			
"Cuba"	0	0	0	0	0	0	0	0			
"Benin"	0	0	0	0	0	0	0	0			
"Dominican Republic"	0	1	0	0	0	1	0	0			
"Ethiopia"	0	0	0	1	0	1	0	64	7		
"Fiji"	0	0	0	0	3	0	0	0			
"Georgia"	0	0	1	0	0	0	0	0	5		
"Grenada"	0	0	0	0	0	0	0	0	17		
"Guatemala"	0	0	1	0	0	0	0	0			
"Haiti"	0	0	0	0	0	0	0	0			
"Honduras"	0	0	0	0	0	0	0	0			
"Kazakhstan"	0	0	0	0	0	0	0	0			
"Lebanon"	78	48	89	120	62	70	43	4			
"Liberia"	1	0	0	0	0	0	0	0	0		
"Mongolia"	1	2	0	1	0	0	0	1	20		
"Montenegro"	0	0	205	0	0	0	2	0			
"New Caledonia"	6	0	0	0	0	0	0	0			
"Niger"	2	0	0	0	0	0	0	0			
"Paraguay"	0	0	0	256	0	0	0	0			
"Peru"	280	0	0	0	0	0	0	26	0		
"Sudan"	0	0	0	0	0	0	0	0			
"Suriname"	0	3	0	0	0	0	0	0			
"Syrian Arab Republic"	0	0	5	0	0	1	0	0			
"Trinidad and Tobago"	0	0	0	1	0	0	0	0			
"Turks and Caicos Islands"	3	0	0	0	0	0	0	0			
"Venezuela, Bolivarian Republic of"	0	0	0	0	0	0	0	0			
"Yemen"	4	0	0	0	0	0	0	0			
