Exporters	Imported value in 2012	Imported value in 2013	Imported value in 2014	Imported value in 2015	Imported value in 2016	Imported value in 2017	Imported value in 2018	Imported value in 2019	Imported value in 2020	Imported value in 2021	
"World"	2152380	2041311	2343977	2251165	1739298	1743769	1858351	2054070	1997116	2200291	
"Germany"	218997	229550	254832	236225	168303	163699	263526	233460	308270	512539	
"United States of America"	674815	560753	757191	572547	549886	656296	665915	751229	625006	512075	
"China"	114305	119140	144865	149004	108005	78496	83275	82049	224849	291154	
"Italy"	111315	123255	120616	117827	102936	88548	91124	120935	91711	92996	
"United Kingdom"	125810	101556	98136	105668	70643	71842	82178	76437	80915	92606	
"Japan"	88405	53695	64458	57643	38965	43245	45050	73335	45358	91398	
"United Arab Emirates"	141292	152916	167261	183571	151319	137234	79657	65557	72242	80750	
"India"	52778	72630	87341	112854	77480	67379	66118	69777	67260	77774	
"France"	165787	104651	102912	142763	66956	68930	76339	88639	72433	73772	
"Bahrain"	3225	14547	90144	78918	40079	31866	32898	37005	34677	32233	
"Sweden"	11353	12941	18362	20651	16053	16133	17618	17373	20119	29677	
"Spain"	49397	43455	58490	27916	18977	19717	21703	26485	28190	28901	
"Belgium"	38110	71594	57387	88679	45508	30650	16845	38373	23990	26766	
"Korea, Republic of"	16911	12089	14905	18340	7869	7171	11335	10917	51089	26536	
"Singapore"	26971	11807	8968	25805	24748	21282	19401	17288	21490	25003	
"Finland"	2847	13330	16422	14368	8263	11250	15646	16376	17338	18909	
"Denmark"	23966	22738	16065	17063	20777	26545	47757	39940	25363	18518	
"Taipei, Chinese"	9038	8935	6773	8589	6579	6800	5951	3437	7532	18273	
"Netherlands"	45626	65578	35362	18900	21425	17191	15495	17717	13168	18137	
"Switzerland"	27615	42641	34157	42314	35158	26474	31770	24381	11488	15649	
"Malaysia"	14685	7090	6951	6116	9399	13607	10483	10464	7811	12851	
"Thailand"	17712	15883	9128	10990	8274	8436	13699	11975	10100	10380	
"Jordan"	6825	6434	6985	7146	6574	6134	5018	25248	10517	10363	
"Canada"	5224	12405	8492	8843	8248	7291	7852	6140	7333	9830	
"Ireland"	2881	3186	1540	899	1542	1774	5890	3013	4834	9159	
"Egypt"	17574	17054	8577	14111	11911	13284	20477	19500	7357	8919	
"Hong Kong, China"	0	0	0	0	0	162	17	24	114	8481	
"Brazil"	8131	5726	6187	15799	17004	3078	10813	40592	37495	5006	
"Austria"	16786	18026	14036	15457	10049	10073	8485	7308	4766	4605	
"Oman"	1221	1804	3941	4724	3462	2009	6236	3898	5921	4474	
"Norway"	4865	3025	4975	6711	7972	7180	9144	13463	5561	3588	
"Indonesia"	10818	5219	2101	1777	1171	1783	2883	1985	2310	3583	
"South Africa"	12337	12122	13147	11373	7725	4704	2728	4488	3402	3033	
"Poland"	3132	2582	4648	1808	3099	3627	3041	3460	3558	2509	
"Hungary"	279	873	463	476	230	690	434	529	562	2492	
"Viet Nam"	45	453	0	2351	0	129	952	1278	2182	2070	
"Russian Federation"	16305	28881	39875	41214	5351	18050	19368	27118	8833	1878	
"Slovenia"	583	1050	2382	1177	941	929	4863	1125	597	1383	
"Australia"	4037	7137	3783	1765	676	384	1339	955	1781	1328	
"New Zealand"	54	344	854	251	787	198	95	503	506	1249	
"Lithuania"	0	0	0	0	0	0	107	339	1997	1139	
"Greece"	303	478	36	118	208	778	1256	520	1673	1113	
"Türkiye"	15558	12846	19575	20418	18778	17339	18195	21972	16961	1072	
"Luxembourg"	0	0	0	0	0	0	681	109	161	1032	
"Sri Lanka"	208	317	140	263	162	284	199	212	400	770	
"Philippines"	171	494	172	0	0	113	236	379	174	761	
"Lebanon"	221	2694	2127	2916	1595	1241	482	561	978	433	
"Area Nes"	0	0	0	7437	10696	10017	0	4641	0	432	
"Cyprus"	0	0	0	93	0	0	0	0	0	350	
"Portugal"	0	0	73	0	94	0	149	459	619	330	
"Mexico"	1961	775	2281	139	1993	3003	1231	402	2860	271	
"Slovakia"	0	222	86	60	0	0	148	460	126	202	
"Ukraine"	0	0	2109	159	369	2189	4282	2563	15	170	
"Belarus"	0	0	0	0	0	0	6	51	108	168	
"Costa Rica"	0	0	0	0	0	0	5	0	3	156	
"Czech Republic"	9491	9335	632	3655	406	3173	2656	271	238	154	
"Argentina"	0	0	129	0	870	2331	1575	1033	109	149	
"Colombia"	0	0	0	0	0	0	54	0	408	115	
"Kuwait"	0	0	314	0	634	1078	359	622	604	113	
"Bulgaria"	88	58	496	103	49	30	86	6	157	88	
"Tanzania, United Republic of"	0	0	0	0	0	0	0	0	0	84	
"Estonia"	162	226	257	228	146	55	51	32	30	66	
"Tunisia"	659	568	657	1153	989	1072	727	6	0	57	
"Gabon"	180	0	0	0	0	0	0	0	0	53	
"Pakistan"	1735	3891	2978	2978	972	441	272	166	40	41	
"Macedonia, North"	0	0	0	0	0	0	0	0	0	34	
"Romania"	0	0	0	0	1113	0	84	36	22	29	
"Croatia"	365	0	0	0	0	0	0	11	79	19	
"Serbia"	0	0	0	0	0	47	9	18	0	13	
"Yemen"	0	0	0	0	63	0	0	0	0	7	
"Cook Islands"	0	0	0	0	0	0	0	0	0	6	
"Eswatini"	0	0	0	39	35	0	0	48	0	6	
"British Virgin Islands"	0	0	0	0	0	0	0	0	0	4	
"Chile"	0	0	89	0	35	0	0	0	11	4	
"Iceland"	0	130	177	0	0	0	0	0	0	1	
"Aruba"	45	0	0	0	0	0	0	0	6	1	
"Qatar"	26941	19302	13340	14891	15697	5989	0	0	0	1	
"French Southern and Antarctic Territories"	0	0	0	0	0	0	77	0	0		
"Korea, Democratic People's Republic of"	0	63	309	1051	0	318	238	0	0		
"Europe Othr. Nes"	1067	939	3921	0	0	0	1544	0	770		
"Northern Mariana Islands"	0	0	0	0	0	0	15	0	0		
"United States Minor Outlying Islands"	0	0	0	0	0	0	3	0	0		
"Bahamas"	0	0	0	0	0	0	0	5	0		
"Barbados"	60	0	0	0	0	0	0	0	0		
"Bermuda"	0	0	0	2079	49	0	0	0	0		
"Cambodia"	0	0	0	0	0	0	0	0	5		
"Dominica"	0	0	0	0	0	0	0	0	5		
"Honduras"	0	0	0	0	0	0	19	5	0		
"Iran, Islamic Republic of"	450	37	0	0	0	0	0	0	0		
"Iraq"	0	0	0	0	0	0	0	389	283		
"Latvia"	314	96	0	0	0	0	0	17	33		
"Macao, China"	0	284	0	0	0	0	0	0	7		
"Malta"	0	0	0	0	0	0	0	0	3		
"Morocco"	0	647	1365	548	0	0	15	24903	29		
"Nicaragua"	0	0	0	0	0	0	0	0	149		
"Niger"	0	0	0	0	0	0	5	0	0		
"Paraguay"	0	0	0	0	0	0	45	0	0		
"Sudan"	89	0	0	0	0	0	89	62	19		
"Syrian Arab Republic"	254	783	0	0	0	0	0	0	0		
"Trinidad and Tobago"	0	31	0	0	0	0	0	0	0		
"Uruguay"	0	0	0	202	0	0	0	0	0		
"Samoa"	0	0	0	0	0	0	34	0	0		
