Exporters	Imported value in 2013	Imported value in 2014	Imported value in 2015	Imported value in 2016	Imported value in 2017	Imported value in 2018	Imported value in 2019	Imported value in 2020	Imported value in 2021	Imported value in 2022	
"World"	3468348	3599920	2475948	1364358	1924991	2430695	2160841	1752688	4535475	4255559	
"China"	1045615	1476777	935544	426532	632720	780994	723557	604943	1780079	2053352	
"Korea, Republic of"	286239	215297	148757	97838	135129	174708	220257	179194	230014	255955	
"Germany"	149923	133217	113062	82706	105603	116534	111212	81162	136749	201637	
"India"	83195	88112	73678	39352	86595	98607	93376	88519	168172	177471	
"Austria"	83316	61663	108326	20395	122414	214573	56194	34525	52183	169821	
"Türkiye"	206705	225799	107059	8690	14972	30350	71429	22165	289920	156803	
"Sweden"	110422	93710	66402	57108	47603	55640	49773	61901	85087	117687	
"United States of America"	154646	121207	108689	101503	93537	128744	84330	87919	153582	109784	
"Italy"	85501	86964	47473	31071	53151	59063	60647	51556	86397	96100	
"Japan"	57393	64223	95237	89862	74061	78987	73604	66731	114936	95353	
"Indonesia"	6176	9076	19212	7296	49875	8838	22936	43518	73076	94719	
"Russian Federation"	156758	134999	91792	48093	85145	79953	122012	65648	522644	82274	
"Norway"	19896	15781	18866	22193	35040	39763	41007	23167	46600	67759	
"Viet Nam"	3248	10513	638	857	718	1618	3018	6988	92643	55643	
"France"	87749	93294	67231	43430	32334	48719	42815	35486	49222	50653	
"Belgium"	38382	47573	44559	27369	30744	43080	25211	23090	28915	49484	
"Argentina"	190297	112414	47258	20237	19085	33308	31673	28475	51591	44491	
"Spain"	73822	71618	38922	17855	37971	46048	28059	28556	49662	41905	
"United Kingdom"	43972	43134	25709	21941	34186	39316	52811	20327	48452	41576	
"Egypt"	674	744	507	22	5416	836	909	942	71806	31415	
"Netherlands"	12350	9656	2497	3500	30240	28462	22447	19167	24835	27870	
"Hong Kong, China"	9407	10783	7879	2490	2815	3119	2717	1535	10363	25560	
"South Africa"	92134	105916	82167	40570	47598	67001	49172	33165	31220	24861	
"Paraguay"	11026	2489	2324	495	1866	2802	859	947	9600	22531	
"Chile"	48922	52609	29044	18177	18303	25125	15337	19470	12098	20970	
"Mexico"	18229	12810	9498	5076	8129	7542	5202	16335	32504	15595	
"Romania"	8373	7532	4621	4454	5094	6866	6908	6216	10316	15159	
"Portugal"	34574	19616	13544	6664	12233	12744	12308	11118	19729	12137	
"Malaysia"	3280	4217	2993	2096	5087	4811	4656	4396	2104	10422	
"Czech Republic"	11268	6383	5227	2084	2990	8481	4245	5105	5733	10129	
"Finland"	30432	14661	3040	2576	2520	3964	7880	7891	6507	9317	
"Thailand"	4082	13353	5012	640	1530	1836	1247	2084	3274	8171	
"Canada"	11023	8268	7279	4191	8883	50102	20630	14201	33600	7711	
"Taipei, Chinese"	100336	58944	34434	13795	20413	23414	12944	11558	15500	6575	
"Switzerland"	7262	9425	8784	2928	2096	3160	3490	2861	4375	6493	
"Slovenia"	4565	5068	3520	1867	1963	2634	1301	2094	3116	5686	
"Kazakhstan"	1266	2745	3118	1384	2756	4985	1936	2001	3604	4813	
"Singapore"	811	708	252	211	66	503	58	18	1793	3975	
"Bolivia, Plurinational State of"	205	0	0	9	74	245	1233	3889	6395	3486	
"Oman"	0	127	207	0	0	2419	2646	104	1382	2983	
"Ukraine"	29787	29097	14307	3841	4455	14580	24862	13487	111708	2625	
"Poland"	8264	9703	3400	2282	4862	1334	676	514	962	2208	
"Zambia"	0	0	0	0	0	0	0	0	222	2138	
"Hungary"	6	7	6	13	96	1353	626	589	5544	1992	
"Panama"	105	71	167	0	11	0	0	3	332	1801	
"Uruguay"	9	112	74	0	20	518	296	174	41	1424	
"Slovakia"	1385	1531	828	787	516	1100	762	606	1048	1064	
"Denmark"	680	672	908	256	933	422	192	2077	601	798	
"Luxembourg"	2993	12397	11029	1522	1659	565	136	581	1189	704	
"United Arab Emirates"	92	1500	727	3312	2672	2202	2621	394	883	596	
"Latvia"	9	0	0	0	12	0	0	0		393	
"Colombia"	17775	25023	11854	8808	7552	8663	11180	3366	2051	354	
"Peru"	736	146	3198	6338	4808	614	5	10	26	296	
"Australia"	47680	31097	12947	4204	7314	5135	3554	2604	3801	279	
"Bulgaria"	11	132	0	0	32	0	0	0	230	193	
"Brazil"	5663	1547	296	670	352	225	229	361	2900	148	
"Angola"	0	0	0	0	0	0	0	0	172	67	
"Albania"	0	0	0	265	0	0	131	315	1670	41	
"Belarus"	157	24	6	874	575	941	737	212	9397	32	
"Zimbabwe"	0	0	45	0	316	969	288	0	214	25	
"Ireland"	58	4	0	1030	118	2	5	1	71	17	
"Pakistan"	7	12	3	5	0	1	15	1	18	13	
"Curaçao"	0	0	0	0	0	0	0	0		9	
"Estonia"	0	106	22	1069	590	649	479	0	45	8	
"Cayman Islands"	0	59	0	0	0	0	0	0		7	
"Croatia"	0	0	0	0	0	0	0	0	56	1	
"Uganda"	0	0	0	0	0	0	0	0	3	1	
"Venezuela, Bolivarian Republic of"	53703	13411	20255	1	5	506	8111	0	2	1	
"British Virgin Islands"	496	206	42	41	780	0	0	0			
"Equatorial Guinea"	0	0	0	0	3	0	0	0			
"Korea, Democratic People's Republic of"	1184	1298	111	0	23	245	0	0			
"Marshall Islands"	0	0	0	30	0	0	0	0			
"United States Minor Outlying Islands"	0	0	1	0	0	0	0	0			
"Algeria"	0	0	0	0	0	0	0	0			
"Antigua and Barbuda"	0	0	0	0	0	0	0	0			
"Bahrain"	0	0	0	0	0	0	0	0	10655		
"Armenia"	0	357	0	0	0	0	0	0	161		
"Bhutan"	0	0	29	0	0	0	0	0			
"Sri Lanka"	0	0	0	0	1	0	0	0			
"Congo"	0	3	0	0	0	0	0	0			
"Costa Rica"	0	14	0	0	0	0	0	0			
"Cuba"	0	0	0	0	3993	15492	4659	0			
"Cyprus"	0	0	0	10	0	0	0	0			
"Dominican Republic"	0	70	0	0	0	74	0	6895	4764		
"Ecuador"	0	107	27	0	0	1280	736	354			
"El Salvador"	0	1	0	0	0	0	0	0			
"Georgia"	243	3442	10903	653	0	0	7348	401	1968		
"Greece"	0	44	0	0	0	0	0	0	59		
"Guatemala"	0	0	0	0	0	0	0	739			
"Guyana"	26	0	0	0	0	0	0	0	5		
"Iran, Islamic Republic of"	0	0	0	50317	11947	33866	0	1	2		
"Israel"	329	34	9	18	1	1	1	0	0		
"Kyrgyzstan"	0	0	1	0	0	0	0	0			
"Lebanon"	0	0	0	0	0	0	0	1			
"Libya, State of"	0	0	0	0	0	46	0	0			
"Lithuania"	0	0	0	0	8	0	1	0			
"Madagascar"	0	0	316	0	0	0	0	0			
"Malta"	0	112	0	0	0	0	45	0			
"Mongolia"	0	0	0	0	0	0	198	0			
"Montenegro"	0	0	0	0	0	0	3	27	4		
"New Zealand"	1	36	1	284	0	10	891	0			
"Nigeria"	0	0	0	0	0	0	0	0			
"Philippines"	0	0	0	0	0	0	1	0			
"Serbia"	28	47	11	167	384	6	6	0	4162		
"Seychelles"	0	0	30	0	0	0	0	3			
"Suriname"	0	0	0	0	0	0	0	0	3		
"Trinidad and Tobago"	3444	16071	0	0	0	0	0	6			
"Tunisia"	0	0	0	0	0	1	0	0			
"Macedonia, North"	0	0	30	0	0	0	0	0	730		
