Exporters	Imported value in 2013	Imported value in 2014	Imported value in 2015	Imported value in 2016	Imported value in 2017	Imported value in 2018	Imported value in 2019	Imported value in 2020	Imported value in 2021	Imported value in 2022	
"World"	37236071	33118730	24813441	21124300	17404143	19096839	21297173	23600901	29347172	33891762	
"China"	8640166	7605747	5230087	4012547	4210438	4680649	4972662	5410410	8018182	8870167	
"United States of America"	7244009	6953507	5881974	5227255	3024924	2916586	3656881	6231223	6365727	8259148	
"Germany"	3983574	3594115	2600583	2289671	2140542	2445892	2366744	2166540	2698626	2737561	
"Italy"	2644825	2341384	1677831	1272222	1169210	1283627	1148081	1293312	1805975	1650363	
"France"	1201417	941477	672677	627354	415343	452112	439225	1012215	1098253	1334247	
"Japan"	2247701	1840331	1401041	938047	936625	1107891	942453	926020	1136545	1288731	
"Korea, Republic of"	1289567	1054085	706705	1522844	549171	600171	665421	482778	724446	866315	
"Mexico"	455517	486748	428846	408293	483383	553600	478825	639582	561542	816573	
"India"	341257	294483	238463	168096	246559	253536	242790	325651	497631	656393	
"Argentina"	747315	690242	417500	394302	414943	373934	365550	418817	540684	644340	
"United Kingdom"	683081	621900	383152	352641	255250	275649	359144	476380	550970	591973	
"Sweden"	694308	576567	417885	291261	324917	270574	243508	315993	446078	565321	
"Spain"	678754	508178	541536	370716	329308	337001	287814	284433	399125	495226	
"Finland"	287864	197935	171815	278375	215902	115082	118521	192025	235298	457575	
"Thailand"	535211	551171	362595	302097	389808	390641	386610	436331	479784	449417	
"Austria"	437684	344181	196528	380411	217621	211777	192532	183005	252678	378697	
"Taipei, Chinese"	462957	394097	251515	167187	197530	223733	220105	229178	280367	369490	
"Canada"	426097	336578	304297	234316	138983	170379	155206	257111	301635	357223	
"Türkiye"	83357	84341	57200	43017	42281	53701	53972	159303	234494	278261	
"Netherlands"	296489	330698	189310	170078	162067	226696	228949	193367	291782	277794	
"Switzerland"	616276	440398	329017	125799	160101	190758	473365	193213	291885	244570	
"Viet Nam"	109428	151426	234584	98024	115427	150086	131873	139192	178959	211595	
"Poland"	132693	113873	93759	77534	68671	73773	74452	123294	146524	194754	
"Czech Republic"	198078	157758	121517	94746	111602	133419	132443	127681	173206	184277	
"Belgium"	258199	149987	100145	95880	69287	78343	146807	131393	152130	182818	
"Malaysia"	402637	577014	521208	269645	199664	249216	182825	155702	160022	168826	
"Singapore"	172255	137190	97318	51606	40964	39521	46542	73260	92193	117426	
"Indonesia"	83447	97577	63411	65839	87622	88576	110071	78149	90430	114472	
"Denmark"	164693	160765	125018	98842	93304	93218	107188	196663	154822	114065	
"Philippines"	107816	83888	60528	56169	80772	86627	85583	101121	107611	96237	
"Hong Kong, China"	111934	108011	64026	44894	46557	59431	53872	54334	90727	95996	
"Hungary"	199853	148354	78566	62709	70549	88445	81601	63165	82584	95659	
"South Africa"	22099	16163	9954	8197	10723	9116	14398	13954	30474	91050	
"Romania"	89402	82295	62190	61077	30932	23397	39586	39409	63462	77293	
"Israel"	68462	69288	51061	37647	41215	47706	49093	56185	56867	66831	
"Slovakia"	53001	44058	38387	27024	26832	38904	34310	41345	58810	63996	
"Norway"	151454	147840	103349	86020	54975	28855	30589	40888	59325	60869	
"Ireland"	86353	71803	47830	38395	38890	62319	46165	53574	36990	54459	
"Portugal"	115942	133821	52769	34876	34475	43711	33107	49827	58147	44607	
"Australia"	39739	26267	23807	16320	9581	17767	11172	14275	41286	26393	
"Russian Federation"	2818	2969	19130	3306	2617	1063	2017	12581	15713	25985	
"Brazil"	384275	158615	228322	32270	38575	418798	1721192	44068	99082	22429	
"Slovenia"	18214	14852	9887	7127	11575	14415	19291	14296	23819	22022	
"Chile"	25557	19719	12811	22218	22996	20437	21426	20248	22792	20590	
"Colombia"	11559	8554	9186	7395	7992	20346	18313	8831	17676	18558	
"Bulgaria"	13572	13286	6921	4879	5351	5931	5604	8572	15134	15041	
"Serbia"	9366	10142	2030	3753	3184	3886	4256	10102	11576	13859	
"Luxembourg"	8978	19065	50661	96011	6271	20392	8590	12431	23195	10425	
"Estonia"	2843	4276	1888	1944	1152	1874	1729	6485	5458	10055	
"Peru"	6753	4270	5282	5226	5881	5728	10250	6948	7067	9840	
"United Arab Emirates"	7059	3754	3164	3030	807	1059	19707	21008	5302	9004	
"Croatia"	21104	11054	3386	2725	9948	6345	14109	4668	5389	8246	
"New Zealand"	8626	14180	8059	4475	5080	4591	8268	7379	4240	6877	
"Paraguay"	420	1115	2942	196	269	4809	7949	6170	3846	4148	
"Morocco"	681	539	57	184	266	543	716	1605	1294	4092	
"Egypt"	676	544	1	54	655	3296	3031	4428	4503	3929	
"Uruguay"	3993	7284	3529	2446	3285	1670	1864	3625	1716	3702	
"Latvia"	1770	1651	1640	2277	1310	1732	1762	5025	4582	3684	
"Lithuania"	26009	727	870	546	664	950	3333	2848	1442	3281	
"Iceland"	1360	1788	7005	6104	6229	450	300	1877	3028	2980	
"Tunisia"	2066	1889	1126	1197	436	513	563	2249	2773	2773	
"Greece"	4168	2759	1479	1556	3723	3271	3287	1771	1628	2749	
"Bosnia and Herzegovina"	553	3735	4231	516	1188	988	867	698	1727	2463	
"Malta"	1165	920	466	856	877	1359	1109	1286	1805	1838	
"Cyprus"	301	556	446	230	1076	730	928	821	710	1708	
"Ukraine"	8122	4925	1526	1130	1001	2012	2682	2079	2057	1573	
"Costa Rica"	51244	120147	6384	1958	275	98	351	330	1298	1263	
"Macedonia, North"	29	57	6	30	8	27	28	66	627	1031	
"Cambodia"	0	62	72	54	1	0	0	11	22	960	
"Panama"	1931	1493	1230	2191	797	478	453	4849	418	625	
"Bolivia, Plurinational State of"	159	781	460	50	174	9	112	278	504	608	
"Albania"	2	92	0	38	42	29	52	90	878	574	
"Samoa"	498	97	0	147	21	13	9	90	427	436	
"Sri Lanka"	562	798	52	82	190	385	426	428	467	383	
"Macao, China"	580	415	901	336	276	36	47	52	131	341	
"British Virgin Islands"	570	901	523	254	202	149	283	143	122	335	
"Belarus"	1176	1464	53	234	153	392	183	324	531	275	
"Ecuador"	1900	344	275	158	59	11	62	136	26	235	
"Saudi Arabia"	0	0	51	45	36	39	76	85	167	235	
"Kenya"	3	28	108	52	200	103	171	130	4	199	
"Trinidad and Tobago"	0	13	127	1	34	0	9	62	101	197	
"Pakistan"	472	871	711	305	221	38	32	36	90	143	
"Georgia"	1734	211	729	39	25	66	114	64	46	114	
"Bahrain"	1	0	10	0	0	0	0	4	7	99	
"Afghanistan"	200	6	68	37	73	91	216	59	471	84	
"Dominican Republic"	90	231	99	70	48	71	108	101	188	76	
"Chad"	0	1	0	0	1	0	1	0		71	
"Lebanon"	382	12	95	398	46	57	37	30	37	71	
"Angola"	42	0	17	1876	0	0	0	5	0	59	
"Mali"	0	1	2	7	6	11	21	9	0	52	
"Sierra Leone"	1	3	30	3	7	25	6	7	15	49	
"Solomon Islands"	0	0	0	0	0	0	0	0	1	28	
"Iran, Islamic Republic of"	0	0	2	13	0	0	23	0	0	25	
"Nauru"	0	1	0	0	0	0	0	2		24	
"Guatemala"	28	0	0	0	36	0	45	11	43	22	
"Oman"	3	0	0	4	0	0	0	26	5226	21	
"Kazakhstan"	24	37	2	18	27	1	6	4	36	20	
"Oceania Nes"	0	0	20	29	328	0	2	46	0	15	
"Honduras"	0	4	2	76	1	0	157	4	20	15	
"Curaçao"	52	45	174	308	36	16	5	7	74	15	
"Marshall Islands"	0	0	0	0	0	28	92	119	111	14	
"Bangladesh"	1	1	1	0	20	18	3	8	3	14	
"El Salvador"	0	1	126	29	17	11	12	25	34	13	
"Eswatini"	182	206	3	582	9	30	1	314	34	12	
"Algeria"	0	31	0	0	0	0	0	0	35	10	
"Montenegro"	452	335	181	112	203	121	38	34	5	10	
"Seychelles"	2	0	20	0	0	1	0	2	101	10	
"Cuba"	0	2	2	1	0	0	1	0	0	8	
"Nigeria"	3	21	26	0	14	8	35	0	501	8	
"Cabo Verde"	39	1	0	0	2	1	9	0		7	
"Congo"	0	0	0	0	0	0	0	19		7	
"Ethiopia"	0	0	1	0	0	0	0	0	1	6	
"Tokelau"	3	1	16	5	1	7	31	14	3	5	
"Dominica"	0	0	6	13	1	0	1	0	4	5	
"Liberia"	0	208	0	0	0	0	0	0		5	
"Syrian Arab Republic"	5	0	20	1	1	0	0	0	0	5	
"Falkland Islands (Malvinas)"	0	0	0	0	0	0	0	0	2	4	
"Armenia"	0	0	0	0	0	7	2	2	0	4	
"Myanmar"	13	0	8	0	0	0	0	1		4	
"French Polynesia"	5	15	5	0	3	0	3	0	0	4	
"Gambia"	0	0	7	1	0	1	1	3		4	
"Montserrat"	0	0	17	0	2	0	0	1		4	
"Venezuela, Bolivarian Republic of"	209	294	8	82	25	4	49	1	0	4	
"Gabon"	1	4	2	11	4	2	0	1	19	3	
"Kyrgyzstan"	2	1	0	1	0	0	0	1	5	3	
"Mauritius"	0	0	3	0	1	0	1	0	0	3	
"Lesotho"	0	0	0	1	1	2	0	0		2	
"Moldova, Republic of"	2	0	0	0	0	0	1	1	0	2	
"Nepal"	0	0	6	0	0	0	0	1	3	2	
"Uzbekistan"	1	0	358	2	1	0	0	0		2	
"Area Nes"	70	0	5	2	0	2	18	104		1	
"Andorra"	70	0	3	0	4	0	2	9	34	1	
"Central African Republic"	4	2	25	24	2	4	1	0	2	1	
"Faroe Islands"	0	0	0	0	0	1	0	2		1	
"Kiribati"	0	1	0	0	0	1	0	1		1	
"Guinea"	0	0	0	0	0	0	0	0		1	
"Namibia"	0	0	0	0	1	13	7	19	0	1	
"Senegal"	14	11	15	0	1	15	34	2	1	1	
"Uganda"	8	8	0	0	0	9	0	2	0	1	
"Yemen"	6	2	6	5	10	5	0	2	10	1	
"Equatorial Guinea"	0	15	0	0	0	0	0	0		0	
"Niue"	17	0	14	0	0	0	0	0		0	
"Antigua and Barbuda"	0	0	0	55	32	61	87	23		0	
"Bahamas"	15	159	66	0	0	11	0	0	7	0	
"Bermuda"	0	0	0	0	0	0	1	0		0	
"Belize"	1	2	9	15	4	0	0	4	0	0	
"Cameroon"	3	0	0	1	2	6	4	1	4	0	
"Cayman Islands"	18	4158	41	47	17	9	32	1	28	0	
"Congo, Democratic Republic of the"	1	0	0	0	0	1	0	0		0	
"Grenada"	0	1	29	24	22	17	37	45	35	0	
"Jamaica"	7	0	2	0	0	1	13	3	0	0	
"Jordan"	156	162	22	24	21	7	1	24	4	0	
"Kuwait"	0	0	0	0	0	0	0	0	0	0	
"Madagascar"	0	0	50	51	0	0	0	25	0	0	
"Mozambique"	191	0	0	0	0	0	0	0	0	0	
"Niger"	6	3	78	0	1	18	7	18		0	
"Saint Kitts and Nevis"	0	0	0	0	0	0	0	0		0	
"Zimbabwe"	0	2	0	0	0	0	0	0	0	0	
"Sudan"	4	61	135	0	0	2	0	0		0	
"Suriname"	0	0	3	0	0	0	0	0		0	
"Tanzania, United Republic of"	0	0	0	33	0	115	0	0	0	0	
"Zambia"	1	0	2	0	0	0	0	1	2	0	
"American Samoa"	0	0	0	0	0	0	0	0	4		
"British Indian Ocean Territory"	0	29	0	0	0	0	0	0			
"Christmas Island"	0	0	5	0	1	1	0	3	19		
"Cocos (Keeling) Islands"	0	1	0	2	19	0	0	24	26		
"Gibraltar"	42	14	0	0	0	1	0	0	0		
"Korea, Democratic People's Republic of"	35379	5336	3268	548	817	103	156	13			
"Norfolk Island"	0	19	0	0	3	0	0	0			
"Northern Mariana Islands"	1	0	2	0	1	0	52	0			
"Pitcairn"	1	3	3	0	5	0	0	0	1		
"Saint Helena"	0	0	3	0	0	0	0	0	2		
"Somalia"	2	5	0	0	0	0	0	0			
"Turkmenistan"	0	4	0	0	0	0	0	1			
"United States Minor Outlying Islands"	0	1	12	3	1	42	44	0	167		
"Wallis and Futuna Islands"	0	0	0	0	0	0	0	1			
"Azerbaijan"	0	3	1	0	16	0	0	0	12		
"Barbados"	115	22	14	2	1	26	1	0			
"Bhutan"	0	0	0	0	1	0	0	0			
"Botswana"	0	0	42	0	4	0	2	0			
"Brunei Darussalam"	359	647	506	117	88	156	24	0			
"Burundi"	0	0	0	0	0	0	0	0	4		
"Comoros"	0	0	0	0	0	0	0	2			
"Benin"	0	27	0	0	0	2	0	0			
"Eritrea"	0	0	0	0	0	1	0	0			
"Fiji"	0	0	0	0	0	0	0	0			
"Djibouti"	0	0	0	0	0	0	0	0			
"Palestine, State of"	0	0	0	0	0	0	0	0			
"Ghana"	0	0	1	14	0	4	2	3			
"Greenland"	0	0	0	0	0	0	0	0			
"Guyana"	0	0	1	0	0	0	0	0			
"Haiti"	0	0	0	0	0	0	2	0			
"Iraq"	0	0	0	0	0	1	0	0	0		
"Côte d'Ivoire"	12	20	0	0	0	0	0	10			
"Lao People's Democratic Republic"	0	0	0	0	0	0	51	0			
"Malawi"	2	6	0	0	0	0	0	0			
"Maldives"	0	0	1	0	0	0	0	0			
"Mongolia"	0	0	1	0	0	0	0	0			
"Aruba"	0	0	0	0	0	0	0	0	1		
"New Caledonia"	16	15	0	0	0	5	3	0	7		
"Vanuatu"	1	0	0	0	0	0	0	0			
"Nicaragua"	0	0	2	0	1	0	1	0	21		
"Micronesia, Federated States of"	0	0	0	0	1	0	0	0			
"Palau"	1	0	0	0	0	0	0	0			
"Papua New Guinea"	0	0	0	0	0	0	0	0			
"Guinea-Bissau"	0	0	0	0	0	0	0	0	0		
"Timor-Leste"	0	0	0	4	0	0	0	35			
"Qatar"	3	4	1	1	0	0	7	1	6		
"Rwanda"	0	0	0	0	0	0	0	0			
"Anguilla"	0	0	0	0	11	81	85	79	106		
"Saint Lucia"	15	35	21	47	68	0	0	0			
"Sao Tome and Principe"	0	3	0	0	0	127	3	0			
"Tajikistan"	5	0	4	0	1	1	2	0			
"Tonga"	0	0	0	0	0	0	0	0			
"Turks and Caicos Islands"	0	0	0	0	1	0	0	0	0		
"Burkina Faso"	0	0	0	0	0	0	0	9			
