Exporters	Imported value in 2013	Imported value in 2014	Imported value in 2015	Imported value in 2016	Imported value in 2017	Imported value in 2018	Imported value in 2019	Imported value in 2020	Imported value in 2021	Imported value in 2022	
"World"	14899981	13306570	11900988	10281682	10991435	11566142	11207213	9037688	11300027	12528109	
"China"	3591350	3307859	3158823	2754474	3006519	3484981	3350528	2968668	4219703	4400116	
"United States of America"	1737845	1583180	1384631	1048816	1178794	1259297	1202250	894787	958342	1278361	
"Germany"	2140471	1667541	1480172	1428731	1406144	1358630	1309655	1088111	1113246	1199179	
"Japan"	860164	756124	752362	497270	609057	627218	598595	395204	476652	578193	
"Italy"	782742	689932	603270	537605	584554	589018	603553	448152	511679	530609	
"India"	215160	179040	195629	168786	203432	265375	279995	201494	320274	455196	
"United Kingdom"	630155	590010	463333	367598	382243	355655	378211	237998	300146	320296	
"France"	465331	436082	358057	352336	343767	306157	334978	236949	306135	288396	
"Sweden"	364008	315668	243218	273993	272211	213051	272425	213487	238250	283588	
"Poland"	139843	242803	167668	167662	174565	195737	200803	152947	193259	230892	
"Thailand"	194451	204826	212534	166527	190255	211323	185738	169488	194914	197556	
"Czech Republic"	192248	190593	196026	179511	175575	192839	182515	146715	162259	187700	
"Korea, Republic of"	294402	225177	186458	156125	188560	183237	154993	123992	180620	176373	
"Brazil"	143380	117706	101101	83782	115276	114338	89751	72470	105819	168563	
"Finland"	148828	111844	106375	98662	109407	132265	106207	116901	151964	158219	
"Taipei, Chinese"	207977	211337	225311	157893	163550	164639	141817	123696	145739	154118	
"Türkiye"	140034	138586	114381	89944	97829	108972	109760	90478	137656	150632	
"Netherlands"	228707	183813	163354	179099	192853	156489	155645	100084	131290	137391	
"Mexico"	108042	107294	116201	100700	96784	99288	86558	75205	85901	135020	
"Spain"	228735	177514	101668	126943	116066	116256	110202	86025	111605	111390	
"Austria"	128169	126032	89971	71579	105241	102169	119675	86649	101136	100594	
"Viet Nam"	155914	147295	116767	95437	85557	92815	76788	80815	71601	92710	
"Malaysia"	135024	129761	100933	79969	84843	109215	77535	68267	64562	91708	
"Canada"	110691	116544	103631	90644	85902	91360	66550	57452	77980	90607	
"Belgium"	200263	171389	103964	85124	80010	71599	83919	56432	78519	86452	
"Switzerland"	145667	130695	142869	105762	104785	84904	83254	69374	90571	86387	
"Hungary"	71348	71218	61942	60625	57143	44185	39431	40657	48139	74416	
"Australia"	145895	122641	74887	62643	57055	68070	67629	50995	63902	73389	
"Ireland"	177339	168607	111354	86774	81872	88330	76721	50614	61378	72857	
"Area Nes"	12990	12181	30695	21050	30640	61643	71234	53239	74205	70075	
"Indonesia"	31222	29256	34963	32347	35688	48073	48282	37778	48646	60670	
"Denmark"	68100	62531	58989	44168	56108	60037	59561	50480	54291	54955	
"Israel"	48254	48554	48916	50363	53609	44077	41279	32793	42525	40742	
"Philippines"	15713	15037	19089	25185	52131	32710	35188	34117	31553	29743	
"United Arab Emirates"	21494	26233	18004	30684	24708	22659	31991	20273	28987	28582	
"South Africa"	58933	66569	47423	38030	37244	44684	43837	33779	35328	25860	
"Slovakia"	19815	18235	25899	24746	25925	32528	21812	22004	26989	25775	
"Argentina"	10909	11491	10115	7858	12481	12057	10169	5911	11283	21012	
"Romania"	41503	12914	16221	16839	18304	21849	23298	16088	19475	19589	
"Eswatini"	13801	16251	12677	12733	15033	16655	17833	16505	19957	18798	
"Singapore"	166170	71227	77036	57812	24001	55146	40643	20652	22987	18498	
"Portugal"	17737	11985	16874	18706	26957	12718	20661	27652	15704	17219	
"Hong Kong, China"	30375	42033	58864	39694	32216	28875	15681	20608	22016	16192	
"Namibia"	17625	19013	16612	19128	18997	13495	11226	7153	8258	15769	
"Bulgaria"	6164	7190	4919	5627	6532	7606	8096	9559	10471	15748	
"Chile"	4679	4620	3743	4694	8348	11715	12026	8431	7750	13197	
"Botswana"	21621	22785	23596	14179	21648	13974	16922	13226	9502	12901	
"Slovenia"	3990	6446	7784	6068	6507	6105	6521	5388	7647	10445	
"New Zealand"	15637	14127	13548	13771	18722	13225	14641	20873	13950	9154	
"Luxembourg"	7310	5824	7255	12663	6545	13542	7948	4031	4994	6554	
"Lithuania"	250	490	575	2066	1820	2211	3229	2578	4057	6383	
"Russian Federation"	4581	5949	10074	9908	4184	5202	4336	3322	6089	5311	
"Croatia"	17744	8583	4252	7999	3682	6502	4594	1918	4446	4849	
"Norway"	16780	8556	7442	5933	4519	3766	6625	9240	8163	4538	
"Latvia"	1428	1190	2684	2747	4751	4135	3863	5211	4875	4001	
"Pakistan"	1272	1480	1770	1268	1293	1646	3329	2165	2563	3996	
"Estonia"	1751	988	8451	1130	1150	3570	3486	2385	2356	3774	
"Ukraine"	2875	2879	3211	5532	6320	5766	6424	3984	5239	3738	
"Mozambique"	7900	6757	7509	6646	6222	2337	2123	1511	2995	3420	
"Malta"	1544	1910	1130	2389	1744	1813	1379	1618	2084	3102	
"Zambia"	27735	27415	11988	17251	11639	8042	9597	5898	4356	2917	
"Serbia"	1316	320	522	740	1615	3027	3782	984	2023	2784	
"Mauritius"	3191	1820	3792	4043	3449	4237	4726	2154	1429	2757	
"Macedonia, North"	3	70	96	802	92	30	10	9	5	2754	
"Greece"	3360	2817	2234	2376	3713	2558	1806	1417	2243	2467	
"Liberia"	2	1	6	56	3	2	32	129	123	2147	
"Peru"	2582	413	3180	1224	2610	1304	909	623	1256	2066	
"Zimbabwe"	5229	5859	2744	7119	4219	3030	2220	2690	2720	2050	
"Ghana"	8992	11937	3881	729	932	539	1179	1684	1264	2018	
"Congo, Democratic Republic of the"	3306	4279	7242	4542	3589	3238	1311	915	1117	1871	
"Tunisia"	1653	752	1558	1659	945	1007	1091	1004	1468	1657	
"Ecuador"	994	222	391	65	918	79	172	70	176	1466	
"Sri Lanka"	362	238	316	301	371	718	666	745	1180	1377	
"Bosnia and Herzegovina"	413	398	357	1497	828	910	1426	776	1079	1138	
"Morocco"	235	186	7521	409	213	211	950	1708	876	1131	
"Saudi Arabia"	17533	502	147	733	14872	5696	1566	729	1084	1060	
"Tanzania, United Republic of"	4270	8200	1650	517	1180	507	1532	378	811	916	
"Colombia"	1326	814	841	1344	660	783	324	227	210	846	
"Sierra Leone"	634	89	64	223	880	241	169	113	181	589	
"Kenya"	2261	14432	511	966	1470	1136	1073	339	625	552	
"Cyprus"	1157	1917	377	646	5103	3176	538	1561	521	526	
"Mali"	178	611	111	759	34	25	42	6	390	444	
"Nigeria"	2398	1237	637	419	389	941	532	166	979	414	
"Tokelau"	828	862	392	32	118	377	195	1841	131	374	
"Malawi"	866	595	473	225	178	245	580	209	627	356	
"Iceland"	1968	1218	1077	420	1219	6067	891	722	420	353	
"Lesotho"	2297	3157	2868	2886	4803	8213	14328	6241	1245	314	
"Cameroon"	102	75	98	55	88	120	41	94	229	282	
"Lebanon"	183	117	369	67	287	67	95	131	28	270	
"Kazakhstan"	0	0	0	2	0	2	3	49	145	259	
"Jordan"	3670	3176	291	2017	370	1457	363	358	266	245	
"Egypt"	263	157	109	514	138	2654	3016	208	637	245	
"Dominican Republic"	220	65	14	31	81	11	27	28	28	236	
"Georgia"	187	503	107	111	21	25	34	187	103	228	
"Uruguay"	458	76	60	262	29	54	13	6	7	212	
"Bahrain"	12	210	166	49	75	243	13	21	83	211	
"Bolivia, Plurinational State of"	5	25	2	17	0	19	22	7	0	202	
"Niger"	1	9	6	22	12	16	33	23	4	195	
"Madagascar"	99	124	188	145	96	207	181	138	112	179	
"Algeria"	2	8	2	0	120	22	1	0	168	172	
"Seychelles"	148	258	53	143	222	137	64	7	19	162	
"Panama"	2	38	8	3	80	69	677	12	10	155	
"Angola"	1843	2894	1852	4481	1793	3443	858	628	940	133	
"Qatar"	587	2	19	75	236	234	51	238	122	129	
"Uganda"	90	244	416	74	192	69	212	34	172	125	
"Côte d'Ivoire"	65	1307	598	131	24	136	369	946	573	120	
"Congo"	71	383	1153	667	69	52	491	1	565	117	
"Albania"	150	51	2	1	8	7	91	6	32	110	
"Burkina Faso"	2	48	48	149	7	789	2363	11	259	100	
"Guinea"	14	34	4	120	471	137	10	425	60	88	
"Curaçao"	0	7	106	24	30	16	0	0	5	85	
"Tajikistan"	1	1	0	0	0	1	0	0		78	
"Belarus"	638	363	405	163	217	282	447	307	379	73	
"Costa Rica"	3750	2927	701	70	78	55	234	259	804	70	
"Iran, Islamic Republic of"	149	456	232	75	304	270	490	305	302	69	
"Bangladesh"	7	0	1	4	19	20	13	100	20	59	
"Antigua and Barbuda"	36	1	4	4	4	1	4	21	1	56	
"Trinidad and Tobago"	65	24	10	19	593	12	8	7	20	56	
"El Salvador"	4	13	8	4	115	150	53	117	46	55	
"Macao, China"	15	4	42	1	32	14	16	12	80	38	
"Moldova, Republic of"	1	0	26	0	1	16	61	20	105	34	
"Guyana"	0	0	0	0	0	0	352	0	0	31	
"Montenegro"	1	6	3	32	427	8	5	4	5	29	
"Senegal"	326	28	12	55	43	50	70	74	59	29	
"Korea, Democratic People's Republic of"	154	285	121	314	34	98	44	12	9	28	
"Sao Tome and Principe"	0	1	3	17	98	23	21	6	14	24	
"American Samoa"	0	0	0	1	3	1	0	5		20	
"Norfolk Island"	678	0	0	0	0	14	0	0	32	20	
"Cambodia"	0	14	13	4	12	18	58	176	16	20	
"Central African Republic"	0	0	0	0	1	1	3	0	1	20	
"Afghanistan"	13	10	3	7	16	70	10	2	3	13	
"Andorra"	28	36	0	0	5	42	12	20	77	12	
"United States Minor Outlying Islands"	0	8	153	51	5	18	5	19	258	11	
"Gabon"	74	172	15	233	36	27	15	0	1	11	
"Oman"	23	3	24	251	30	6	0	12	11	8	
"Armenia"	8	2	0	4	2	7	61	3	1	7	
"Solomon Islands"	0	1	0	1	0	0	4	1	7	7	
"Lao People's Democratic Republic"	28	0	3	0	1	0	0	12	20	7	
"Turks and Caicos Islands"	0	1	1	0	0	3	60	1	1	7	
"Turkmenistan"	323	0	1	0	0	0	0	0	12	6	
"Bermuda"	1	58	317	132	4	0	0	0	3	6	
"Mauritania"	50	34	14	10	13	0	3	5	16	6	
"Sudan"	34	30	8	8	34	50	9	2	3	6	
"Saint Helena"	42	54	262	105	55	28	8	33	2	5	
"Belize"	125	16	7	77	2	323	5	48	6	5	
"Ethiopia"	568	2977	178	656	31	55	19	27	16	5	
"Eritrea"	1	0	1	24	46	1	15	0	8	5	
"Jamaica"	4	1	4	0	1	0	1	1	0	5	
"Rwanda"	119	2	6	4	7	4	105	52	5	5	
"Uzbekistan"	0	0	0	0	0	3	0	1	1	5	
"British Virgin Islands"	81	147	42	17	1	0	0	0	0	4	
"Cocos (Keeling) Islands"	0	0	2	0	0	2	39	5	29	3	
"Niue"	20	52	2	13	104	20	3	6	90	3	
"Benin"	5	15	5	0	7	15	5	5	1	3	
"Guatemala"	1818	1725	9	151	92	7	0	0	2	3	
"Chad"	1	19	0	63	26	3	3	0	13	2	
"Somalia"	0	71	0	2	4	3	11	2	71	2	
"Barbados"	2	0	0	0	0	1	1	0	11	2	
"Myanmar"	2	20	48	0	0	11	1	4	1	2	
"Cuba"	63	4	27	10	3	0	0	0	1	2	
"French Polynesia"	56	0	0	0	0	0	0	0	1	2	
"Honduras"	4	5	11	14	13	14	1	28	1	2	
"Nicaragua"	0	8	1	1	7	0	15	1	21	2	
"Anguilla"	0	0	0	1	0	0	0	1		2	
"Suriname"	1	3	4	23	9	14	8	4	62	2	
"Tuvalu"	6	19	1	17	5	1	0	0		2	
"Northern Mariana Islands"	58	11	1	0	0	2	0	1	3	1	
"Bahamas"	1	6	2	0	2	0	64	99	0	1	
"Bhutan"	2	3	2	0	0	87	0	0	2	1	
"Cabo Verde"	37	26	6	1	0	6	0	2	7	1	
"Comoros"	1	1	0	0	5	0	0	0	1	1	
"Djibouti"	1	129	2	4	21	1	1	0	1	1	
"Kyrgyzstan"	6	2	21	0	0	14	0	43	0	1	
"Maldives"	2	0	0	12	0	0	3	0	1	1	
"Papua New Guinea"	0	0	1	19	0	0	4	0	1	1	
"Paraguay"	0	11	0	0	20	0	0	201	150	1	
"Equatorial Guinea"	197	69	1	43	9	17	1	2	1	0	
"Falkland Islands (Malvinas)"	1	0	0	0	0	1	0	0		0	
"Brunei Darussalam"	2	0	1	0	12	0	3	0	1	0	
"Burundi"	6	162	1	0	0	3	2	0	0	0	
"Cayman Islands"	25	303	175	511	12	1	1	9	0	0	
"Fiji"	1	0	0	0	0	0	0	0	1	0	
"Grenada"	0	0	0	0	0	0	2	1	0	0	
"Haiti"	0	2	0	0	1	0	0	55	0	0	
"Iraq"	2	1	5	7	2	6	40	34	0	0	
"Kuwait"	99	86	1	1	1	6	6	7	1244	0	
"Libya, State of"	0	0	5	0	256	1	0	0	1	0	
"Nepal"	34	88	0	77	51	27	0	0	1	0	
"Aruba"	0	1	0	0	0	1	0	0		0	
"New Caledonia"	14	0	0	0	6	0	43	15	1	0	
"Vanuatu"	1	0	0	0	0	0	2	0		0	
"Togo"	7	0	0	1	2	0	124	4	2	0	
"Venezuela, Bolivarian Republic of"	178	1	1	56	40	92	2	1	1	0	
"Bouvet Island"	0	0	0	0	6	0	0	0			
"British Indian Ocean Territory"	6	2	29	0	6	0	2	0	1		
"Christmas Island"	1	1	1	2	1	0	0	1			
"French Southern and Antarctic Territories"	0	0	0	0	0	0	3	3			
"Gibraltar"	1112	0	1	86	8	3	0	0			
"Guam"	0	0	0	0	0	0	0	0	2		
"Nauru"	0	1	14	0	0	6	0	0	99		
"Marshall Islands"	0	0	0	1	3	0	0	0			
"Pitcairn"	0	0	0	0	0	20	0	0			
"Saint Pierre and Miquelon"	0	0	0	1	0	0	0	0			
"Special categories"	11212	11390	0	0	0	0	0	0			
"Wallis and Futuna Islands"	0	0	0	0	0	0	2	0			
"Azerbaijan"	0	40	43	2	2	0	0	0			
"Mayotte"	0	0	0	0	0	0	0	0			
"Cook Islands"	7	1	0	0	3	2	1	1	56		
"Dominica"	0	0	15	9	0	2	2	6	1		
"Faroe Islands"	0	2	0	1	0	0	0	0	3		
"Gambia"	0	0	0	0	0	1	0	0	2		
"Kiribati"	0	0	0	0	0	0	0	0	11		
"Greenland"	0	0	0	0	0	1	0	0			
"Mongolia"	0	4	8	47	7	0	0	3	2		
"Montserrat"	1	0	1	3	0	3	0	1	1		
"Micronesia, Federated States of"	0	1	0	0	0	0	0	0			
"Guinea-Bissau"	0	6	0	0	0	0	0	0	0		
"Timor-Leste"	2	0	39	0	1	0	0	0	42		
"Saint Kitts and Nevis"	0	0	0	2	1	1	2	0			
"Saint Lucia"	0	24	0	1	0	0	2	0			
"Saint Vincent and the Grenadines"	7	1	0	0	8	0	0	0	1		
"Syrian Arab Republic"	0	0	11	5	15	12	1	0			
"Tonga"	1	11	0	0	0	2	0	0	1		
"Samoa"	18	0	9	22	29	0	0	0			
"Yemen"	0	0	0	0	0	0	3	0	1		
