Exporters	Imported value in 2013	Imported value in 2014	Imported value in 2015	Imported value in 2016	Imported value in 2017	Imported value in 2018	Imported value in 2019	Imported value in 2020	Imported value in 2021	Imported value in 2022	
"World"	439417537	424319488	431610860	414337517	455494791	521542155	497419967	548420356	668657163	644691916	
"Taipei, Chinese"	89593082	87285168	88988330	89689577	96290316	113458578	113728637	139437755	174646063	183038289	
"Korea, Republic of"	76962660	76660723	81548522	73877510	87056199	99971726	79253283	84659998	109487617	110915035	
"China"	100998622	91327864	96290637	88074449	89022004	99784456	90082097	88627366	113152535	91510031	
"Viet Nam"	6965929	8258324	11503974	13033153	22457894	34111220	35414897	48722675	55308955	54333947	
"Japan"	40624114	40571097	38753074	40477985	42017571	44350456	43606493	46322568	54063745	49886011	
"Malaysia"	35541715	32167993	32608179	31794616	30545194	33871052	38854311	38823500	43706641	40717084	
"United States of America"	22864639	21545631	19785546	15900832	17382453	19734411	20232325	20929275	22499874	18299802	
"Germany"	12448609	13222650	12409064	11356181	12116532	13356468	12708793	13016970	14747704	14154675	
"Philippines"	8788765	9363271	9461829	9451511	10520776	11370968	10509325	10746010	12963490	13031549	
"Thailand"	6582245	7327117	8290215	8565290	9219828	9249630	8723262	9186662	11888619	13013253	
"Singapore"	9414501	8993067	8810754	8131324	9399376	9505582	10049973	9039704	10451074	9952782	
"Ireland"	1342219	326128	668390	1654910	3805528	5082991	6073787	7405360	8441211	7886566	
"Mexico"	2537152	3216594	3688575	4086342	4479123	4890440	4787710	5535388	6390543	6288932	
"Israel"	959739	924620	800891	1061697	1857455	1719958	1926480	3278667	3762583	4768222	
"France"	1953794	2216140	1929894	1723426	1817471	2031576	2346927	2589663	2861625	2606113	
"Hungary"	559710	707414	636031	735291	939661	1176152	1626047	1867247	2363220	2363934	
"Czech Republic"	875597	992433	936205	1038902	1221528	1450303	1326565	1460911	1891748	1761973	
"Italy"	1443749	1338790	1127808	948651	1060415	1239993	1206286	1231174	1789641	1659357	
"Indonesia"	1152364	1180266	1233546	1195586	1399540	1476560	1314717	1395685	1694812	1593343	
"Austria"	977250	1026211	888459	984092	1217968	1384088	1371463	1098045	1297108	1330102	
"Poland"	276051	442032	346170	452335	551288	640493	672118	794793	1069138	1285582	
"Costa Rica"	4650394	4028222	612998	539538	474658	320563	189583	157594	190878	1282870	
"Switzerland"	1285323	1076555	994148	927592	1011595	1216669	1158336	1227744	1390561	1274433	
"United Kingdom"	1020308	1007905	1201506	940711	870753	948921	974970	1115674	1184851	1083633	
"Portugal"	300865	285800	242452	549368	665168	735488	717709	1117362	1208953	1016501	
"India"	380847	440583	362612	464870	577973	576743	885060	777222	1215362	939794	
"Romania"	187445	256522	250041	355697	433239	612586	668895	722697	882692	851341	
"Canada"	1247717	857737	738588	853338	727594	733777	724754	637540	733378	660654	
"Hong Kong, China"	1665059	1540291	1597988	801037	917933	756233	1003049	1211395	800094	655646	
"Slovakia"	153602	193217	182924	225381	283606	372815	385130	406697	633819	636015	
"Sweden"	859942	711807	674830	576265	780574	615091	486683	575501	561852	563059	
"Spain"	286248	355749	351409	400324	613391	598209	529379	492350	680469	526161	
"Morocco"	189106	221790	206592	207759	230319	239294	220166	225713	338549	521842	
"Malta"	664198	534092	406468	333627	315149	289408	248583	290346	476206	516307	
"Finland"	586026	624906	366621	378769	308414	400652	440395	371680	542484	474956	
"Netherlands"	622265	548420	447875	446355	488985	612903	541305	471150	553679	466938	
"Belgium"	670815	727354	565641	496580	577738	599344	406731	355873	272772	284790	
"Brazil"	105155	123164	108464	154526	80811	67596	55104	134697	136748	273298	
"Denmark"	247744	276457	244177	225423	286171	348415	269400	276967	305492	257691	
"Norway"	407475	461162	415236	169995	107417	125587	149746	192718	163293	207197	
"Slovenia"	93758	106292	95473	119093	164833	206261	202217	186101	217427	200667	
"Australia"	175545	140228	117811	140974	291381	277085	259908	162885	215448	178690	
"El Salvador"	3895	4067	10881	38344	61648	73781	64429	88843	167317	150028	
"Bulgaria"	67136	69817	49892	48396	69913	82946	91599	110892	144975	149707	
"Cambodia"	22078	31806	71135	86266	91321	98016	111557	93290	103133	144941	
"Russian Federation"	58323	42920	50745	116835	80846	75031	97550	113671	156210	137498	
"Serbia"	3174	5914	9889	14710	28843	46034	40659	49593	103262	101859	
"Estonia"	87898	68951	45938	62267	91764	71708	75241	117065	105440	94561	
"Tunisia"	33655	46190	49257	49130	60142	64894	72366	83762	79385	78014	
"Türkiye"	96030	98702	78219	50047	53766	55325	45738	42596	86045	64880	
"Ukraine"	25710	27850	28833	21484	32359	41503	37547	39067	66926	62689	
"Myanmar"	21074	22090	22326	22792	23333	18178	28085	45808	54563	62684	
"New Zealand"	70184	38104	45632	38338	28469	57189	66740	31355	46512	43110	
"Sri Lanka"	14845	14364	15882	30562	37756	41854	43602	33903	35447	37743	
"Croatia"	20667	22425	22283	21894	28236	62890	40700	38616	41517	37716	
"Macedonia, North"	616	2305	3330	2758	12402	13838	19346	29294	38747	37515	
"Moldova, Republic of"	1352	756	10	551	5932	4244	4463	27210	44518	29640	
"Latvia"	6345	7085	8651	7942	10623	13058	12728	13967	16861	22269	
"United Arab Emirates"	11030	11954	15662	28795	27804	24625	15596	34727	22396	21985	
"Lao People's Democratic Republic"	1711	1125	502	4098	25059	49998	42496	32210	27817	21590	
"Dominican Republic"	7704	7875	5012	6885	8350	7589	8971	8804	13463	17853	
"Greece"	13286	19566	23040	10433	18671	21612	17809	16950	14475	17316	
"Lithuania"	8098	8974	6582	7356	9652	14892	21488	29168	32098	14109	
"Belarus"	14219	5572	7140	8588	7825	6738	7339	9708	11071	11245	
"Luxembourg"	17204	24686	22667	21269	20654	9623	7462	6750	8787	9833	
"South Africa"	10587	12862	15418	18307	6515	7412	5195	5174	13460	9235	
"Area Nes"	43561	5639	4930	1772	2158	7253	68822	6943	3806	7088	
"Bangladesh"	6947	7449	7498	5265	4881	6939	4182	4549	4682	5058	
"Bosnia and Herzegovina"	1075	1203	1603	675	912	2892	2449	3191	5097	4817	
"Honduras"	4447	7172	6027	4902	4917	3512	2983	2397	4424	4164	
"Egypt"	2327	2029	1638	1634	1753	3327	1771	2065	2742	3644	
"Lesotho"	5430	5614	5032	6275	6233	5135	4358	3903	3679	3553	
"Georgia"	705	1128	913	1175	263	1770	429	602	1745	2837	
"Chile"	8010	6578	12252	5673	1874	2012	1605	1319	1621	2199	
"Macao, China"	2045	978	1279	786	375	564	239	576	126	1650	
"Bahrain"	27	3	526	4	40	2	31	377	3	1035	
"Pakistan"	100	97	724	24	140	48	136	377	354	1009	
"Namibia"	208	85	94	134	487	416	393	2542	386	649	
"Cyprus"	311	150	55	43	234	384	171	784	244	546	
"Iran, Islamic Republic of"	1352	197	271	312	171	288	100	107	498	477	
"Albania"	23	79	13	10	24	376	582	436	187	433	
"Lebanon"	36	93	29	155	84	478	537	690	648	393	
"America not elsewhere specified"	0	0	0	0	0	20	324	329	324	321	
"Mauritius"	308	52	47	28	32	20	113	209	229	299	
"Barbados"	1152	1295	1318	1052	1365	1266	1519	1386	1014	296	
"Saudi Arabia"	3705	2695	1666	398	1118	1532	138	293	150	282	
"Cameroon"	138	65	46	96	77	195	251	363	272	259	
"Mali"	28	1045	239	76	111	62	55	310	585	255	
"Nicaragua"	774	5202	1017	1354	939	24079	9675	249	211	218	
"Dominica"	40	77	97	24	64	73	385	109	98	213	
"Eswatini"	129	103	140	94	118	151	279	208	651	207	
"Haiti"	47	79	70	99	117	88	233	111	148	191	
"Argentina"	538	1166	188	674	493	617	146	322	578	173	
"Afghanistan"	73	107	428	1125	135	66	14	47	67	167	
"Ecuador"	124	536	170	239	97	75	57	29	50	157	
"Iceland"	190	309	144	329	597	365	72	185	74	140	
"Uzbekistan"	219	1	0	1	1	1	4	40	19	121	
"Peru"	28	22	15	89	64	73	78	48	119	110	
"Saint Kitts and Nevis"	48	63	47	59	41	230	44	35	107	104	
"Mauritania"	16	50	122	11	120	15	32	10	17	102	
"Turks and Caicos Islands"	0	1	1	0	1	0	0	54	22	88	
"Montenegro"	1	56	18	60	18	15	50	24	118	83	
"Niger"	37	52	53	87	23	51	32	45	70	77	
"Panama"	5230	122	21	27	26	62	15	93	846	70	
"Andorra"	13	11	3	17	35	132	15	40	491	67	
"Armenia"	37	5	76	135	132	99	106	23	16	66	
"Nigeria"	33	6	56	103	16	15	90	36	59	55	
"Kuwait"	15	5	2	28	1342	12	448	800	120	52	
"Gambia"	2	69	207	257	36	19	28	12	31	47	
"Colombia"	2825	147	1260	1056	115	91	512	36	172	46	
"Bahamas"	0	5	4	6	1	174	64	32		42	
"Kenya"	638	162	35	151	935	217	68	59	58	42	
"Ethiopia"	6	4	12	5	10	6	6	5	22	41	
"Nauru"	22	8	37	2	69	19	10	3	22	38	
"Qatar"	108	156	126	24	44	102	17	3	7	36	
"Oman"	32	21	3	22	231	164	8	154	10	34	
"Malawi"	10	17	34	0	4	18	91	66	21	33	
"Jamaica"	3	20	7	6	6	4	4	109	12	32	
"Algeria"	44	577	7	9	31	14	8	17	20	31	
"Saint Lucia"	23	32	36	25	33	55	128	33	93	31	
"Sudan"	1	2	0	49	20	15	10	39	72	31	
"Maldives"	409	296	2	7	7	20	25	7	118	29	
"Guinea"	99	4	3	1	5	19	2	8	1	26	
"Liberia"	277	13	11	1	380	10	59	23	4	26	
"Sierra Leone"	78	34	266	190	197	194	246	44	71	26	
"Tanzania, United Republic of"	2	43	13	11	44	8	21	4	314	25	
"Rwanda"	3	213	135	1	1	7	2	0	23	24	
"Turkmenistan"	100	5	774	7	22	16	18	0	16	23	
"Iraq"	116	74	4	7	10	15	1	4	7	22	
"Timor-Leste"	168	33	615	23	80	148	12	46	128	21	
"Uganda"	0	3	0	1	147	2	0	11	26	21	
"Ghana"	18	220	0	23	22	12	5	4	80	20	
"Madagascar"	5	12	13	1	36	17	2	1	1	20	
"Congo, Democratic Republic of the"	5	2	23	0	4	0	5	8	7	18	
"Angola"	0	14	44	24	55	3	0	3	1	17	
"Belize"	13	54	10	39	23	10	1	1	11	17	
"Oceania Nes"	7	0	0	0	0	58	124	13	14	16	
"British Virgin Islands"	7	9	8	4	99	0	320	245	80	15	
"Uruguay"	14	76	16	25	11	11	96	5	17	15	
"Venezuela, Bolivarian Republic of"	30	53	201	48	13	33	13	0	238	15	
"Senegal"	23	35	91	399	390	27	31	45	26	14	
"Brunei Darussalam"	1	8	35	32	2	6	3	15	1	13	
"Tajikistan"	312	14	74	67	1	7	21	12	125	13	
"Jordan"	25	44	33	35	153	108	19	50	82	10	
"Cuba"	119	53	173	49	73	31	28	5	35	9	
"Benin"	0	33	1	0	0	0	1	0	3	9	
"Kyrgyzstan"	121	16	14	3	92	81	3	7	6	8	
"Nepal"	45	33	14	31	8	2	2	1	11	8	
"Paraguay"	2	6	42	0	20	13	4	9	2	8	
"Tuvalu"	0	0	3	26	0	0	26	12	37	8	
"Central African Republic"	1	2	1	46	0	0	323	16	3	7	
"Kazakhstan"	96	36	49	84	419	230	1486	42	29	7	
"Curaçao"	0	9	8	84	38	5	5	0	0	7	
"Chad"	0	10	0	2	21	25	9	44	0	6	
"Marshall Islands"	0	2	1	0	0	2	35	19	16	6	
"Somalia"	1	0	2	11	12	9	954	294	354	6	
"Côte d'Ivoire"	0	1	57	0	1	0	85	0	8	6	
"Burkina Faso"	0	0	0	1	0	6	0	0	2	6	
"Gibraltar"	0	0	2	1	13	0	0	0	5	5	
"Montserrat"	8	8	2	7	53	2	1	2	3	5	
"Yemen"	156	29	71	11	29	14	200	8	15	5	
"Africa not elsewhere specified"	0	0	0	0	4	0	4	0	1	4	
"Azerbaijan"	0	1	0	60	2606	14	32	317	1	4	
"New Caledonia"	1	0	4	0	58	21	2	169	27	4	
"Papua New Guinea"	20	63	62	6	1	33	3	3	6	4	
"Sint Maarten (Dutch part)"	0	0	0	0	0	0	1	78	2	3	
"Antigua and Barbuda"	5	2	4	1	3	31	6	3	2	3	
"Cook Islands"	0	4	1	4	45	0	2	0	28	3	
"Eritrea"	24	0	0	1	0	0	0	3	8	3	
"Greenland"	0	0	10	0	7	0	262	0	6	3	
"Zimbabwe"	33	60	69	0	1	0	2	3	190	3	
"Samoa"	1	150	15	1	212	3	19	99	40	3	
"Bolivia, Plurinational State of"	0	3	1	1	23	2	5	2	14	2	
"Cabo Verde"	0	0	6	0	2	65	5	5	2	2	
"Guatemala"	1	4	0	1	7	2	1	0	2	2	
"Mongolia"	5	61	848	7976	29	111	10	3	14	2	
"Guinea-Bissau"	0	0	0	0	0	0	24	0		2	
"Sao Tome and Principe"	2	0	33	15	0	45	5	1	74	2	
"Syrian Arab Republic"	52	6	14	71	13	4	5	0	11	2	
"Zambia"	1	0	1	18	22	8	4	2	4	2	
"South Sudan"	0	0	0	0	0	0	0	0	0	1	
"Burundi"	5	0	4	0	2	12	0	0	1	1	
"Congo"	8	0	2	4	1	2	0	6	0	1	
"Guyana"	1	3	61	42	101	3	22	16	10	1	
"Libya, State of"	3	0	0	0	1	0	0	0	4	1	
"Mozambique"	19	8	6	6	53	79	3	5	31	1	
"Vanuatu"	5	6	1	25	0	0	3	0	0	1	
"Micronesia, Federated States of"	0	1	2	8	1	0	0	2	1	1	
"Suriname"	8	2	103	0	17	18	7	1	4	1	
"Togo"	0	14	3	1	3	23	1	5	6	1	
"Trinidad and Tobago"	6	0	1	3	4	7	25	8	10	1	
"Norfolk Island"	0	0	0	2	0	0	0	0		0	
"Wallis and Futuna Islands"	0	0	0	0	0	4	0	1	12	0	
"Bermuda"	0	10	0	0	3	11	0	0	0	0	
"Bhutan"	1	3	2	1	6	0	2	0	6	0	
"Cayman Islands"	4	1	0	1	2	40	25	7	74	0	
"Comoros"	0	0	1	0	7	0	0	0		0	
"Fiji"	2	1	1	0	2	0	1	0	1	0	
"Gabon"	0	0	2	4	5	12	6	16	10	0	
"Palestine, State of"	9	1	0	2	4	8	23	1	12	0	
"Aruba"	4	5	5	302	3	14	38	1	0	0	
"Saint Vincent and the Grenadines"	0	0	0	0	0	0	0	5	0	0	
"Seychelles"	0	1	42	0	4	1	0	0	6	0	
"Equatorial Guinea"	0	1	0	1	0	0	0	0			
"Korea, Democratic People's Republic of"	41850	55671	57235	32057	28134	986	0	0			
"LAIA not elsewhere specified"	690	1060	0	0	0	0	0	0			
"Bonaire, Sint Eustatius and Saba"	0	0	0	0	0	0	0	0			
"Europe Othr. Nes"	0	0	0	0	0	3	1	0			
"Saint Pierre and Miquelon"	4	0	0	0	32	0	0	1			
"Western Sahara"	7	0	0	0	0	4	0	0			
"Botswana"	1	2	0	1	0	5	0	1	3		
"Solomon Islands"	0	0	0	1	7	0	0	0			
"Mayotte"	1	0	0	0	0	0	0	0			
"Faroe Islands"	73	247	0	0	0	0	0	0			
"French Polynesia"	0	1	0	5	1	24	12	3	1		
"Djibouti"	2	12	0	0	2	5	1	0			
"Kiribati"	6	0	0	1	2	2	0	0			
"Grenada"	10	5	0	0	7	2	1	6	0		
"Palau"	0	0	0	7	0	73	0	1	5		
"Tonga"	3	0	0	0	0	0	0	0	1		
