Exporters	Imported value in 2013	Imported value in 2014	Imported value in 2015	Imported value in 2016	Imported value in 2017	Imported value in 2018	Imported value in 2019	Imported value in 2020	Imported value in 2021	Imported value in 2022	
"World"	23181189	28438496	28003773	22796806	26214937	30683739	19332821	9400924	13016630	10953249	
"United States of America"	13587616	15489568	17622577	13241504	14254991	16538528	7128029	2742513	3062491	3473663	
"France"	5067235	7434032	6059091	3920783	6003843	8660174	7071998	2817911	4776219	3335932	
"Germany"	2945065	3798355	2758005	4120410	4258306	3843770	3747584	3019531	3940803	3013130	
"Canada"	724619	224315	497914	484441	349879	501260	385964	219824	461047	356853	
"United Kingdom"	357543	402638	295352	202300	275473	360946	293831	178702	181917	185325	
"Russian Federation"	38955	102784	107233	143591	130916	111249	87662	114029	128576	154358	
"China"	45168	554611	274622	10333	75329	8012	8032	12144	82958	76840	
"Spain"	10913	12840	27877	13591	40158	51088	58915	48750	55841	60996	
"Korea, Republic of"	16615	22797	32614	41582	45765	52255	66276	34350	41933	50064	
"Italy"	77127	43719	35866	106280	147015	166353	98575	20208	60040	38362	
"Japan"	6025	8817	11524	9387	8366	27001	35459	30305	31935	32027	
"Mexico"	695	891	1237	2343	6020	12597	20363	19260	19188	25241	
"Singapore"	17692	12869	13000	18671	31449	37052	46378	27708	24657	20730	
"Taipei, Chinese"	600	26517	1313	5191	1635	3142	9072	11609	12123	18930	
"Malaysia"	9423	7217	7204	3507	3976	9683	16842	14546	18375	14824	
"Philippines"	74	11	198	225	1056	2592	2610	1441	11178	14595	
"Czech Republic"	1592	1978	1768	1141	8798	16652	14509	9900	10864	14409	
"Austria"	14567	13216	11182	9029	12431	25727	31990	28158	23681	12054	
"Belgium"	12651	11442	14385	10089	12504	13146	13003	4656	10008	9546	
"India"	1249	17	24	754	1847	2081	3033	3759	5138	8055	
"Ukraine"	421	17340	5450	1246	260	37557	30307	7538	10538	6856	
"Morocco"	5342	5401	5791	4943	5372	8225	9375	5184	5120	4940	
"Switzerland"	5430	16780	6245	24021	27953	19077	69622	2025	17477	3880	
"Poland"	791	1923	1520	4024	5386	4341	9443	8182	4074	2915	
"Australia"	1592	1322	1645	3530	2673	3418	12123	2336	4346	2598	
"Brazil"	210847	184069	184203	373091	463067	118597	14040	528	662	1962	
"Netherlands"	6469	29593	11420	7541	12330	3830	18732	1394	802	1583	
"Finland"	915	11	1	1	0	0	1	65	1821	1554	
"Romania"	4	383	4	66	510	901	1096	1041	970	1514	
"Israel"	40	531	188	184	2053	22523	990	780	1480	1341	
"Luxembourg"	2	19	77	1073	975	3628	2477	3061	2337	1004	
"New Zealand"	678	4698	5567	10189	12506	5442	9007	738	1265	946	
"Türkiye"	63	181	63	938	237	239	247	311	521	918	
"Kazakhstan"	7	0	0	0	0	0	0	145	507	894	
"Thailand"	63	36	101	117	1966	4270	4888	2420	1759	757	
"South Africa"	40	391	158	104	195	473	779	673	372	576	
"Sweden"	1192	901	1821	5995	196	322	409	254	407	531	
"Hungary"	418	206	257	244	187	196	2335	371	324	344	
"United Arab Emirates"	0	58	0	0	178	71	91	90	189	323	
"Tunisia"	7	0	0	0	85	300	398	181	312	311	
"Viet Nam"	6	2	61	96	14	42	93	348	268	309	
"Sri Lanka"	3	0	4	4	81	163	190	190	272	262	
"Portugal"	27	2	30	0	295	853	984	625	433	257	
"Denmark"	149	257	243	486	378	350	20	14	231	132	
"Slovenia"	403	1099	360	1588	142	454	78	459	201	117	
"Niger"	0	0	0	0	0	0	0	0		98	
"Hong Kong, China"	1457	1404	2858	2133	2777	2826	2492	332	81	88	
"Argentina"	109	0	0	157	1033	0	0	0		80	
"Norway"	787	157	0	10	7	0	54	0	11	37	
"Ireland"	6419	1825	1299	2078	1529	1356	626	368	301	26	
"Saudi Arabia"	0	0	0	6	6	39	36	25	34	25	
"Oceania Nes"	0	0	0	0	0	0	0	0		21	
"Somalia"	0	0	0	0	5	36	32	23	26	19	
"Macao, China"	0	20	0	0	5	36	32	23	26	19	
"Indonesia"	17	10	4	0	0	6	0	3	1	18	
"Dominican Republic"	0	0	0	0	3	26	22	15	19	16	
"Uzbekistan"	0	0	0	0	0	1	291	101	102	14	
"El Salvador"	13	0	0	0	0	0	570	1		10	
"Namibia"	0	0	0	0	29	13	7	1		7	
"Zambia"	0	0	0	0	0	0	0	0		5	
"Georgia"	0	0	0	5	132	51	0	0	50	3	
"Croatia"	0	0	0	0	0	1	0	15	43	1	
"Angola"	0	0	0	0	0	0	0	0		0	
"Greece"	141	0	0	11	0	0	138	74	69	0	
"Iceland"	0	5	1	0	1	0	0	2	0	0	
"Slovakia"	1662	1074	1084	1653	616	536	5	166	19	0	
"Korea, Democratic People's Republic of"	0	0	0	8	39	0	0	0			
"Sint Maarten (Dutch part)"	0	0	0	0	0	0	0	1			
"Area Nes"	0	17	46	31	10	41	93	0	0		
"Afghanistan"	0	0	0	0	0	10	0	0			
"Algeria"	0	2	0	0	0	0	0	0			
"Antigua and Barbuda"	0	0	0	0	0	2	0	0			
"Bangladesh"	0	0	0	0	0	0	0	0			
"Solomon Islands"	0	0	0	0	4	0	0	0			
"Bulgaria"	30	0	0	0	0	0	1	0	144		
"Myanmar"	0	0	0	0	0	0	0	0	1		
"Belarus"	0	0	119	0	0	0	0	64			
"Cameroon"	0	0	0	0	0	0	0	0			
"Chile"	207	0	0	2	0	0	0	0			
"Colombia"	0	79	0	0	0	0	0	0			
"Costa Rica"	0	0	0	0	0	0	0	0	0		
"Cyprus"	0	0	0	0	0	0	0	0			
"Dominica"	1	0	0	0	0	2	0	0			
"Ecuador"	11	13	20	17	0	0	25	2			
"Estonia"	0	0	45	0	81	0	0	0			
"Gambia"	0	0	0	0	0	0	492	0			
"Guatemala"	0	0	0	0	0	2	0	0			
"Iran, Islamic Republic of"	0	0	0	0	0	0	0	0			
"Iraq"	0	0	0	15	10	0	0	0			
"Jamaica"	1	0	0	0	0	0	0	0			
"Jordan"	0	0	0	0	1	0	0	0			
"Kenya"	0	0	0	0	0	1	0	0			
"Latvia"	0	0	3	0	0	98	0	46	32		
"Lithuania"	0	0	1	177	0	38	34	0			
"Maldives"	0	0	0	11	14	0	0	0			
"Malta"	1	55	0	0	0	0	0	0			
"Moldova, Republic of"	0	0	0	0	0	0	0	0	10		
"Mozambique"	0	0	0	0	0	0	0	9			
"Nepal"	0	0	0	0	28	0	0	0			
"Pakistan"	0	0	0	5860	1808	0	0	0			
"Panama"	0	0	0	0	2	0	0	0			
"Qatar"	0	0	0	0	0	0	0	0	2		
"Eswatini"	0	0	0	0	0	43	0	10			
"Tajikistan"	0	0	0	0	1	0	0	0			
"Egypt"	0	0	94	0	0	0	7	1389			
"Tanzania, United Republic of"	0	0	0	0	0	0	6	0			
"Samoa"	0	0	0	0	0	0	4	0			
