Exporters	Imported value in 2012	Imported value in 2013	Imported value in 2014	Imported value in 2015	Imported value in 2016	Imported value in 2017	Imported value in 2018	Imported value in 2019	Imported value in 2020	Imported value in 2021	
"World"	2052024	2566730	2091468	2833436	2944677	4157769	1674351	3316983	1477132	865585	
"Bangladesh"	5	0	0	0	6	0	42253	65797	23506	123923	
"United States of America"	556227	924946	1198001	1067062	1427573	1081370	341350	242633	75503	112974	
"Oman"	168	47	176	11	9	308186	231793	47	10	98542	
"Cayman Islands"	0	0	0	0	0	0	0	0	0	85078	
"United Kingdom"	121474	71489	53059	173633	109436	99519	157344	99267	50916	80794	
"France"	710770	409890	399765	440429	512886	1922931	207619	180415	49109	63555	
"Germany"	161341	459121	88847	33518	153241	312833	38277	40204	21890	62838	
"United Arab Emirates"	6109	1755	2124	1902	6920	2117	248145	11659	3644	39195	
"Ireland"	669	23453	2275	491	724	33505	20509	435	1543	37140	
"Singapore"	41088	37846	48140	74190	22989	22603	34696	30664	17177	31638	
"Italy"	17704	30610	11283	40692	27662	26205	19332	8132	3714	29820	
"Russian Federation"	58754	38605	32900	125863	42803	13683	34199	24220	20670	20547	
"Malaysia"	4446	164066	43259	75576	18819	23441	44905	37076	14800	20427	
"Israel"	13722	37225	40952	48215	13463	23605	6939	5903	2599	17876	
"Bhutan"	0	0	0	7	10	5	48	8	0	16957	
"Canada"	74904	172479	32538	61592	107201	197818	13442	49460	15014	5479	
"Türkiye"	536	15092	4485	3196	2287	1720	2482	3635	4525	3928	
"China"	60872	11292	8078	5505	7436	7295	7286	12877	4100	1962	
"Qatar"	0	22	0	10	4	0	1051	574	44	1628	
"Netherlands"	56148	5240	1532	1930	4500	19411	9912	5049	1494	1473	
"Belgium"	774	534	252	451	1425	2196	287	199	1960	1342	
"Hong Kong, China"	7293	6821	3240	13480	1177	3114	1456	1488	7564	1216	
"Indonesia"	321	91	4	2683	3583	201	5	6	96	1055	
"Korea, Republic of"	9231	25	8	8428	909	9735	12203	3701	256	768	
"Slovenia"	604	0	0	1	160	2052	849	898	295	541	
"Sweden"	2417	667	2407	3787	1885	772	514	764	406	489	
"South Africa"	174	115	167	284	154	60	163	150	528	471	
"Jordan"	4	0	0	0	2	459	0	601	0	449	
"Australia"	1246	273	900	234	2004	2973	183	3350	126	335	
"Austria"	1404	2878	475	819	2218	3442	899	363	1452	328	
"Thailand"	11831	130	350	879	465	2270	6145	23946	357	298	
"Tokelau"	0	0	0	4	0	0	0	0	0	253	
"Portugal"	231	253	33384	3	5	27	0	13	53	229	
"Sri Lanka"	1103	1886	287	18258	28	131	8	43	204	198	
"Spain"	1039	1060	160	491	6859	772	265	5172	173	176	
"Philippines"	1105	421	442	109	19477	450	76	39	59	171	
"Czech Republic"	10432	89	88	271	253	441	600	329	57	168	
"Japan"	28816	32607	12452	4494	11118	5444	5200	934	554	144	
"Ukraine"	856	242	149	1690	413	1989	2432	71	0	133	
"Area Nes"	75	35795	37	15694	14	227	972	36	98	123	
"Denmark"	855	1039	762	3390	2184	380	158	295	277	123	
"Uzbekistan"	0	0	0	0	0	0	0	0	0	120	
"Viet Nam"	2735	209	151	47	107	194	233	167	10	103	
"Afghanistan"	2	108	0	0	0	0	0	4092	0	99	
"Switzerland"	67384	5073	2394	8493	14076	12528	164	665	358	87	
"Saudi Arabia"	206	81	38	549578	357799	0	45476	23529	12	68	
"Norway"	63	0	43	3	120	727	1195	34	126	58	
"Poland"	3951	1512	1236	1473	3591	669	69	86	86	44	
"Brazil"	2247	47061	38010	438	432	371	23	0	63843	43	
"Korea, Democratic People's Republic of"	0	5	0	0	0	14	0	0	0	35	
"Kuwait"	1	0	0	34	19	1	45210	2401697	1040522	34	
"Lithuania"	49	61	110	76	83	140	148	919	722	23	
"Mexico"	624	605	4580	4162	1908	5507	879	24	4	14	
"Myanmar"	18	0	7	28	50693	2	0	2	0	11	
"Taipei, Chinese"	3121	214	2102	105	133	120	47	611	45	11	
"Greece"	1	0	0	0	49	0	0	0	0	10	
"Mauritius"	50	0	2	0	1	5	0	4	0	7	
"Bahrain"	1247	21	197	12	20	16	146	1	1	5	
"New Zealand"	2725	13	2	3	0	15	2	3	1	4	
"Seychelles"	58	0	0	0	0	0	0	0	0	4	
"Finland"	1135	1	0	1	8	1202	85523	0	0	3	
"Romania"	26	1	0	0	0	4	0	0	0	3	
"Syrian Arab Republic"	0	0	0	0	0	0	0	0	0	3	
"United States Minor Outlying Islands"	0	0	0	2	1	56	0	0	0	2	
"Nepal"	1	25	11	0	36	11	29	31	1	2	
"Estonia"	0	0	6	15	45	0	0	3	3	1	
"Curaçao"	0	0	66	42	320	0	0	0	1	1	
"Papua New Guinea"	0	0	0	0	0	0	0	0	0	1	
"Venezuela, Bolivarian Republic of"	0	0	0	0	0	0	0	0	0	1	
"Marshall Islands"	0	0	0	0	0	23	0	0	0		
"Argentina"	10	0	0	0	0	0	0	0	0		
"Bosnia and Herzegovina"	0	8	0	0	0	0	0	0	0		
"Belize"	1	0	0	0	0	0	0	0	0		
"Bulgaria"	1	0	0	47	37	0	0	5	0		
"Belarus"	4	0	0	0	0	0	0	0	0		
"Chile"	3	0	0	9819	0	0	0	0	0		
"Colombia"	0	0	0	0	0	0	8	0	0		
"Costa Rica"	15	0	0	0	0	0	0	0	0		
"Croatia"	28	0	0	0	0	0	0	0	0		
"Cuba"	0	0	0	0	4	0	0	0	0		
"Ecuador"	23	20	8	0	0	0	0	0	0		
"El Salvador"	0	0	0	0	0	4	0	0	0		
"Ethiopia"	28	0	0	0	0	0	0	0	0		
"Georgia"	0	0	0	1	0	0	0	0	0		
"Guinea"	0	0	2	0	0	0	0	0	0		
"Hungary"	1086	0	100	0	93	1	0	0	0		
"Iceland"	0	0	0	0	2	0	3	0	0		
"Iran, Islamic Republic of"	46	23247	0	0	0	0	0	0	0		
"Jamaica"	0	0	0	0	0	45	252	603	0		
"Kenya"	0	38	0	0	0	1	0	4501	0		
"Latvia"	0	0	13	46	72	0	608	19547	44003		
"Luxembourg"	0	0	0	7	7	0	0	0	2620		
"Madagascar"	0	0	0	0	0	39	0	0	0		
"Maldives"	57	3	1	9	0	0	1	2	0		
"Malta"	79	0	0	225	3	55	87	0	0		
"Morocco"	37	6	0	1733	2329	2628	243	9	0		
"Namibia"	0	0	0	0	0	3	0	0	0		
"Niger"	1	0	0	0	14	0	0	0	0		
"Pakistan"	3	0	0	0	0	0	0	0	0		
"Senegal"	0	20	9095	0	0	0	0	0	0		
"Serbia"	0	0	0	0	5	0	0	0	0		
"Slovakia"	77	0	0	15	0	0	0	0	0		
"Sudan"	67	0	0	0	0	0	0	0	0		
"Suriname"	0	0	9766	27722	0	0	0	0	0		
"Eswatini"	7	294	554	23	71	3	6	0	0		
"Trinidad and Tobago"	0	0	0	0	294	0	0	0	0		
"Uganda"	3	0	0	0	0	0	0	0	0		
"Egypt"	58	0	0	0	0	0	0	0	0		
