Exporters	Imported value in 2013	Imported value in 2014	Imported value in 2015	Imported value in 2016	Imported value in 2017	Imported value in 2018	Imported value in 2019	Imported value in 2020	Imported value in 2021	Imported value in 2022	
"World"	2435176	2284270	2174347	2024716	2144725	2275203	2242177	1909128	2215265	2295392	
"United States of America"	541416	509165	491852	463169	458900	490095	483816	388508	483901	523040	
"China"	240987	259025	255030	238848	286172	298341	309497	361244	380384	393680	
"Germany"	355212	329599	303647	289661	296797	320258	318165	233070	282111	271616	
"United Kingdom"	146772	138888	127035	98751	102839	110349	107127	82308	90818	85389	
"Japan"	118011	103164	97495	85434	86375	91644	97626	70408	84049	82628	
"Switzerland"	104106	97964	100351	93173	106001	86258	84618	71199	73607	77450	
"Italy"	85090	74250	69311	69822	72736	72760	68705	50915	68312	75623	
"Mexico"	49860	51128	55745	49680	53476	66529	61969	50165	53689	64837	
"France"	93760	95643	75868	69552	84715	74061	64579	56427	61571	64767	
"Ireland"	37819	40755	43039	37528	38894	50293	44659	34372	43723	53788	
"India"	23725	28098	29451	29707	32344	38761	34063	30199	41530	45974	
"Netherlands"	51786	47622	43933	41593	46652	47775	42469	32600	32278	37703	
"Australia"	27038	26737	22047	25070	26621	20846	20815	18499	26788	33868	
"Thailand"	27005	25882	21620	16520	20022	23448	21413	21774	29238	31216	
"Singapore"	22573	23537	21009	21443	26625	31517	28901	30023	33232	30598	
"Malaysia"	21353	21517	21754	22198	23000	42914	41459	26022	26690	26475	
"Denmark"	27916	24624	17267	17660	20332	24980	23074	23972	26720	25946	
"Taipei, Chinese"	31221	32649	27883	25977	26049	25720	20110	18662	21547	23527	
"Korea, Republic of"	20022	20683	17268	17970	18394	17179	18451	16475	22021	23283	
"Canada"	36315	25249	22120	20431	18373	18279	20777	17379	25248	22536	
"Costa Rica"	6327	6125	7554	8734	10365	13221	16662	13735	18355	21551	
"Finland"	12599	15668	12963	11265	14303	16064	19138	17309	29437	20472	
"Austria"	19113	16081	15486	15146	19803	16912	16122	14352	19797	19971	
"Sweden"	28239	25889	23211	25916	19831	26528	22965	18417	17299	17605	
"Czech Republic"	15969	14691	15080	12810	15348	13855	16000	17425	17592	16000	
"Belgium"	61331	24874	21885	22291	25417	20450	18249	14230	11357	14575	
"Israel"	14740	17289	14933	11685	12736	11301	12332	9543	9735	13841	
"Poland"	13008	14339	15362	13492	14913	16641	18296	15031	15726	12868	
"Hungary"	10984	10727	9327	11065	10521	10999	10205	13069	14534	12521	
"Spain"	55395	16726	11225	14530	10966	11856	9385	7480	14689	11522	
"Romania"	2140	3797	24063	29616	30959	37232	32224	30464	22712	9902	
"New Zealand"	6599	5780	5445	6329	6162	7588	10379	13124	11344	9713	
"Türkiye"	4264	4890	5938	5528	4302	8576	7953	5936	9140	9461	
"Viet Nam"	4065	4878	6058	5816	5698	6827	6680	5564	7235	8989	
"South Africa"	21620	21170	25902	25626	15354	17203	22951	8201	10156	8679	
"Area Nes"	1791	2575	4984	3573	3511	3988	6698	6581	5088	8418	
"Brazil"	10677	12427	11444	5966	6934	5654	7145	6741	5723	8315	
"Russian Federation"	7292	2046	2362	1210	3517	1953	939	1706	2101	7114	
"Philippines"	6777	6836	6954	6399	6245	7667	8535	4812	7093	6933	
"Hong Kong, China"	7338	11184	5449	5321	6074	5148	4502	8900	3463	5232	
"Estonia"	1415	1600	1797	1081	2527	2656	3178	3846	4352	4975	
"Dominican Republic"	4481	6694	5489	5067	4613	2664	3747	3210	3400	4434	
"Lithuania"	2172	1640	2122	2280	2501	2673	3005	2628	3709	4298	
"United Arab Emirates"	3298	6560	11708	2692	4543	5980	5852	2862	3436	4288	
"Norway"	4427	3600	6105	3254	2035	2341	3312	2183	3184	4190	
"Bulgaria"	1236	1573	1189	1087	1194	872	1525	1402	3152	3438	
"Pakistan"	6005	5444	4990	5489	5300	6267	4503	2685	2347	2732	
"Serbia"	1147	1026	173	193	1107	1716	1862	2301	1849	2202	
"Indonesia"	3058	4084	2753	1796	2264	1656	2434	2106	2114	2145	
"Iceland"	740	839	596	707	1017	1006	692	880	616	2043	
"Slovakia"	3273	3400	1629	1672	3112	5926	4223	3093	2973	1974	
"Namibia"	2066	1937	2105	2406	2068	2041	2001	1472	2560	1692	
"Argentina"	508	662	383	213	436	803	681	412	936	1644	
"Slovenia"	864	1104	1758	1444	1233	1719	1248	1047	1519	1536	
"Greece"	462	524	679	1723	1967	2448	3383	2044	2446	1416	
"Portugal"	662	7771	3205	2180	2143	1912	1287	882	1667	1325	
"Botswana"	729	595	869	878	719	946	685	509	798	1261	
"Bosnia and Herzegovina"	1	0	1	1120	391	1089	1579	468	672	979	
"Luxembourg"	730	313	547	316	861	397	305	390	596	899	
"Ukraine"	3003	4046	263	1199	2228	307	201	132	1316	798	
"Latvia"	16	82	43	70	57	201	195	273	388	681	
"Tunisia"	348	208	239	516	475	398	381	421	527	646	
"Mauritius"	1049	779	810	571	675	3536	5926	380	423	551	
"Morocco"	78	180	71	29	13	26	57	16	25	489	
"Zambia"	1206	979	397	784	407	822	643	255	347	477	
"Belarus"	273	401	372	385	626	509	464	359	577	411	
"Uganda"	69	276	133	105	256	66	190	162	45	389	
"Kenya"	414	847	1703	469	550	151	194	301	2891	364	
"Macedonia, North"	13	1	4	1	36	372	420	287	215	323	
"Egypt"	706	234	536	500	345	568	451	324	213	278	
"Croatia"	90	136	71	148	192	223	150	148	221	272	
"Malta"	3437	1956	5336	1230	768	290	357	239	195	242	
"Georgia"	8	4	0	20	27	173	300	239	384	238	
"Sri Lanka"	365	258	232	221	235	330	210	183	213	226	
"Myanmar"	0	1	0	127	73	45	85	51	92	221	
"Congo, Democratic Republic of the"	585	427	348	144	369	208	113	91	193	212	
"Uruguay"	31	78	90	89	65	139	83	84	125	190	
"Colombia"	157	1896	135	246	120	86	237	308	188	187	
"Iran, Islamic Republic of"	236	45	84	291	58	155	175	387	39	183	
"Malawi"	31	29	130	36	64	290	71	49	156	167	
"Eswatini"	113	56	207	57	26	120	287	182	206	167	
"Mozambique"	2873	1148	1294	193	388	423	376	242	250	131	
"Senegal"	54	4	4	7	21	21	48	11	24	131	
"Saudi Arabia"	118	122	81	10	59	1165	71	21	66	129	
"Zimbabwe"	202	439	160	332	335	301	214	148	389	125	
"Guinea"	46	59	43	17	73	6	43	20	11	112	
"Nigeria"	286	570	179	230	460	175	120	139	152	111	
"Ghana"	300	869	274	214	171	327	123	88	194	103	
"Tanzania, United Republic of"	304	941	243	404	599	640	273	215	227	101	
"Gibraltar"	1	0	0	0	0	0	0	0		94	
"Bangladesh"	17	127	242	265	324	131	97	45	189	81	
"Côte d'Ivoire"	63	125	5	25	84	8	24	55	23	81	
"Sierra Leone"	53	23	14	4	24	5	65	48	27	77	
"Burkina Faso"	65	11	1	25	153	60	89	53	45	74	
"Chile"	129	259	36	92	1925	102	359	157	196	73	
"Oman"	3	28	6	1	2	47	0	65	29	72	
"Algeria"	22	23	8	3	0	73	0	2	12	69	
"Seychelles"	78	143	70	1020	264	298	248	145	74	69	
"Kazakhstan"	0	1	881	57	10	34	15	0	3	68	
"Guyana"	0	0	0	0	0	0	0	46	0	65	
"Nicaragua"	0	0	0	7	18	40	54	66	136	62	
"Nepal"	60	106	78	70	67	20	110	43	27	59	
"Brunei Darussalam"	0	2	0	0	0	0	0	0	0	58	
"Bahrain"	86	117	142	133	1737	3254	1307	416	481	57	
"Armenia"	3	0	1	32	3	7	11	2	54	53	
"Angola"	235	334	391	942	259	100	108	119	168	52	
"Rwanda"	311	13	74	12	7	34	148	43	102	49	
"Madagascar"	50	100	21	5	138	86	54	128	71	38	
"El Salvador"	0	1	9	0	0	2	67	3	3	32	
"Macao, China"	32	43	30	22	41	138	13	24	32	29	
"Jordan"	7	18	77	1	33	1	2	1	5	22	
"Mauritania"	4	50	0	11	10	2	9	2	16	21	
"Barbados"	42	31	18	12	26	11	5	22	14	20	
"Lesotho"	66	190	76	51	34	35	162	109	75	19	
"Peru"	59	8	23	111	218	62	15	1	4	18	
"Qatar"	41	91	31	17	48	31	18	20	12	18	
"Gabon"	111	31	8	8	129	12	1	2	5	17	
"Ethiopia"	32	231	131	96	35	463	104	16	13	15	
"Mali"	20	20	3	47	52	104	29	19	15	14	
"Mongolia"	1	0	3	2	0	35	0	0	0	14	
"Cyprus"	84	250	36	2	5	6	98	15	16	12	
"Iraq"	0	1	0	1	0	1	17	0		12	
"French Southern and Antarctic Territories"	0	0	0	0	2	0	1	0	4	9	
"Tokelau"	5	16	40	3	19	16	9	1		9	
"Syrian Arab Republic"	0	0	0	4	0	32	0	0		9	
"Christmas Island"	0	0	0	1	0	4	0	0		7	
"Cambodia"	0	0	0	8	30	1	2	3	1	7	
"Ecuador"	5963	2	179	42	16	11	43	15	11	7	
"Andorra"	0	0	0	0	6	17	0	26	13	5	
"Dominica"	23	0	0	4	216	3	1	2	5	5	
"Lao People's Democratic Republic"	0	0	1	1	5	2	13	2	2	5	
"Sao Tome and Principe"	0	0	0	1	4	26	87	1	12	5	
"Cabo Verde"	0	0	2	0	2	12	0	1	11	4	
"Paraguay"	8	0	0	0	0	409	46	64	15	4	
"Norfolk Island"	0	0	0	0	0	0	0	0	11	3	
"Northern Mariana Islands"	0	0	0	0	0	0	0	0		3	
"Eritrea"	9	7	0	17	50	51	50	59	164	3	
"Lebanon"	2	6	256	71	45	20	6	0	6	3	
"Equatorial Guinea"	4	13	4	0	0	0	3	5	15	2	
"Saint Helena"	19	2	19	49	17	50	63	2	1	2	
"Somalia"	2	0	0	0	0	1	0	0		2	
"Burundi"	0	23	0	0	41	16	153	59	272	2	
"Cameroon"	18	14	42	63	8	42	26	12	7	2	
"Faroe Islands"	0	0	0	0	0	0	0	0		2	
"Guatemala"	4	0	1	20	0	6	3	0	0	2	
"Niger"	1	8	20	49	13	14	9	36	11	2	
"Sudan"	1	5	24	5	5	78	6	1	8	2	
"Tajikistan"	0	0	0	0	0	0	1	0		2	
"Cocos (Keeling) Islands"	0	0	0	1	21	0	18	1	1	1	
"United States Minor Outlying Islands"	5	7	0	9	1	3	31	13	2	1	
"Central African Republic"	1	0	0	0	12	18	0	0	1	1	
"Congo"	321	7	164	70	21	28	17	34	24	1	
"Liberia"	14	17	5	5	8	20	1	2	4	1	
"Maldives"	0	0	0	0	0	1	0	0	0	1	
"Panama"	0	0	0	0	55	0	6	12	26	1	
"Saint Kitts and Nevis"	0	0	0	0	1	15	2	2	4	1	
"Togo"	0	0	0	0	0	0	1	21	0	1	
"Trinidad and Tobago"	9	3	2	4	1	2	11	0	1	1	
"Afghanistan"	3	2	0	2	7	5	5	5	3	0	
"Bahamas"	59	0	0	0	0	49	0	0		0	
"Benin"	3	4	1	0	0	3	6	0	0	0	
"French Polynesia"	0	1	0	0	0	0	0	0		0	
"Djibouti"	17	0	21	0	7	1	0	0	4	0	
"Honduras"	0	0	14	63	2	1	1	0	0	0	
"Jamaica"	109	0	0	0	0	0	0	0	0	0	
"Libya, State of"	1	0	0	2	0	0	0	0		0	
"New Caledonia"	39	0	1	32	2	1	1	27		0	
"Papua New Guinea"	4	0	6	85	0	0	176	0	1	0	
"Yemen"	0	0	1	0	0	0	4	0		0	
"American Samoa"	0	0	0	0	42	0	0	0			
"Bouvet Island"	0	0	0	0	0	13	0	0			
"British Virgin Islands"	0	0	13	170	0	0	0	1			
"Chad"	56	101	1	0	38	2	3	5	3		
"Falkland Islands (Malvinas)"	1	0	0	0	0	0	0	0			
"Guam"	0	0	0	0	0	0	6	0			
"Korea, Democratic People's Republic of"	232	63	36	2	1	11	3	21	4		
"Nauru"	0	26	0	0	6	0	0	0			
"Niue"	1	25	50	32	20	23	245	1	4		
"Turkmenistan"	0	0	0	0	0	0	0	3			
"Special categories"	538	874	0	0	0	0	0	0			
"Albania"	0	0	0	0	0	0	123	1	1		
"Antigua and Barbuda"	0	0	3	4	0	0	26	2			
"Azerbaijan"	0	10	0	1	34	0	0	0			
"Bhutan"	0	0	0	0	0	0	0	0	0		
"Bolivia, Plurinational State of"	20	3	0	0	0	0	0	0	0		
"Belize"	2	0	3	0	0	0	1	0	0		
"Solomon Islands"	0	0	7	1	1	110	0	2			
"Cayman Islands"	0	0	0	0	0	1	0	0			
"Comoros"	0	0	0	0	0	0	0	0	25		
"Cook Islands"	0	0	5	0	0	4	0	0			
"Cuba"	0	1	1	0	0	0	39	0			
"Fiji"	1	0	0	21	0	0	0	0	4		
"Gambia"	0	0	0	0	0	0	0	2	1		
"Kiribati"	0	0	0	0	0	1	0	0			
"Grenada"	1	0	0	0	0	0	0	0	53		
"Haiti"	0	0	0	1	0	1	0	0			
"Kuwait"	2	1	1	4	5	0	23	1	1		
"Kyrgyzstan"	0	0	62	0	133	0	0	0			
"Moldova, Republic of"	13	0	1	30	1	2	10	1	6		
"Montenegro"	0	5	2	5	0	2	1	6	16		
"Montserrat"	0	3	0	0	0	5	1	0			
"Curaçao"	0	0	9	1	0	8	11	1			
"Aruba"	0	2	0	0	1	0	0	0			
"Vanuatu"	0	0	0	0	0	0	1	0			
"Palau"	0	22	0	0	0	0	0	0			
"Guinea-Bissau"	1	0	0	0	2	0	0	0			
"Timor-Leste"	0	0	0	0	1	0	1	0	13		
"Anguilla"	0	1	0	0	0	0	1	0			
"Saint Lucia"	0	0	0	3	0	0	0	0			
"Saint Vincent and the Grenadines"	0	1	0	0	2	5	0	0			
"Suriname"	0	0	0	0	26	6	0	0	0		
"Tonga"	7	0	0	0	0	0	0	0			
"Uzbekistan"	33	0	2	0	4	0	0	0			
"Venezuela, Bolivarian Republic of"	0	7	0	0	0	1	0	0	0		
"Samoa"	12	0	0	0	61	1	38	0			
